PlayerID	PlayerTrueName	Team	MinOnCourt	PossForOnCourt	PossOppOnCourt	PointsForOnCourt	PointsOppOnCourt	OffRtgOnCourt	DefRtgOnCourt	OverallRtgOnCourt	ORebForOnCourt	ORebOppOnCourt	DRebForOnCourt	DRebOppOnCourt	ORebRateOnCourt	DRebRateOnCourt	MinOffCourt	PossForOffCourt	PossOppOffCourt	PointsForOffCourt	PointsOppOffCourt	OffRtgOffCourt	DefRtgOffCourt	OverallRtgOffCourt	ORebForOffCourt	ORebOppOffCourt	DRebForOffCourt	DRebOppOffCourt	ORebRateOffCourt	DRebRateOffCourt	OverallRtgOnCourtMinusOffCourt	ORebRateOnCourtMinusOffCourt	DRebRateOnCourtMinusOffCourt
1	Howard, Josh	UTA	523.3500	987	997	1007	1042	102.0263	104.5135	-2.4872	208	172	343	351	0.3721	0.6660	835.6500	1603	1597	1678	1682	104.6787	105.3225	-0.6438	292	290	569	563	0.3415	0.6624	-1.8434	0.0306	0.0036
2	Thomas, Kurt	POR	513.7333	1000	982	995	927	99.5000	94.3992	5.1008	139	176	368	379	0.2683	0.6765	994.2667	1923	1921	2026	1960	105.3562	102.0302	3.3260	334	343	665	695	0.3246	0.6597	1.7748	-0.0563	0.0168
3	Dampier, Erick	ATL	25.7500	49	49	53	39	108.1633	79.5918	28.5714	13	6	19	18	0.4194	0.7600	1300.2500	2438	2444	2500	2463	102.5431	100.7774	1.7657	410	406	911	926	0.3069	0.6917	26.8057	0.1125	0.0683
4	Marion, Shawn	DAL	903.7333	1730	1743	1735	1726	100.2890	99.0247	1.2643	301	308	654	658	0.3139	0.6798	551.2667	1057	1041	1103	1002	104.3519	96.2536	8.0983	155	188	411	393	0.2828	0.6861	-6.8340	0.0311	-0.0063
5	Nowitzki, Dirk	DAL	875.6667	1673	1653	1743	1624	104.1841	98.2456	5.9385	256	274	630	619	0.2926	0.6969	579.3333	1114	1131	1095	1104	98.2944	97.6127	0.6817	200	222	435	432	0.3165	0.6621	5.2568	-0.0239	0.0348
6	Terry, Jason	DAL	853.5333	1636	1617	1669	1631	102.0171	100.8658	1.1513	277	290	590	622	0.3081	0.6705	601.4667	1151	1167	1169	1097	101.5639	94.0017	7.5621	179	206	475	429	0.2944	0.6975	-6.4108	0.0137	-0.0270
7	Bell, Raja	UTA	601.6667	1132	1135	1202	1228	106.1837	108.1938	-2.0101	186	194	393	422	0.3059	0.6695	757.3333	1458	1459	1483	1496	101.7147	102.5360	-0.8213	314	268	519	492	0.3896	0.6595	-1.1888	-0.0837	0.0100
8	Nash, Steve	PHX	859.4500	1689	1673	1774	1725	105.0326	103.1082	1.9244	229	288	623	613	0.2720	0.6839	580.5500	1085	1109	1046	1199	96.4055	108.1154	-11.7099	203	191	370	415	0.3285	0.6595	13.6343	-0.0565	0.0244
10	Jones, James	MIA	254.5000	504	493	545	521	108.1349	105.6795	2.4554	56	95	181	160	0.2593	0.6558	1210.5000	2336	2355	2569	2324	109.9743	98.6837	11.2907	394	417	880	768	0.3391	0.6785	-8.8353	-0.0798	-0.0227
12	Diaw, Boris	CHA	838.3167	1605	1597	1503	1716	93.6449	107.4515	-13.8066	256	266	592	640	0.2857	0.6900	558.6833	1061	1066	1017	1203	95.8530	112.8518	-16.9988	208	209	352	390	0.3478	0.6275	3.1922	-0.0621	0.0625
14	Daniels, Marquis	BOS	274.6167	507	509	490	487	96.6469	95.6778	0.9691	69	102	186	185	0.2717	0.6458	1074.0500	1984	1985	2011	1974	101.3609	99.4458	1.9150	310	365	723	710	0.3039	0.6645	-0.9459	-0.0322	-0.0187
15	Harris, Devin	UTA	689.9167	1323	1333	1396	1436	105.5178	107.7269	-2.2092	217	232	454	497	0.3039	0.6618	669.0833	1267	1261	1289	1288	101.7364	102.1412	-0.4048	283	230	458	417	0.4043	0.6657	-1.8044	-0.1004	-0.0039
16	Barbosa, Leandro	TOR	603.6167	1152	1140	1104	1192	95.8333	104.5614	-8.7281	193	225	401	418	0.3159	0.6406	707.3833	1306	1319	1298	1360	99.3874	103.1084	-3.7210	206	242	478	505	0.2897	0.6639	-5.0071	0.0262	-0.0233
17	Diop, DeSagana	CHA	206.3000	382	377	328	380	85.8639	100.7958	-14.9319	100	70	147	158	0.3876	0.6774	1190.7000	2284	2286	2192	2539	95.9720	111.0674	-15.0954	364	405	797	872	0.2945	0.6631	0.1635	0.0931	0.0143
21	Martin, Kenyon	LAC	167.3833	298	297	308	289	103.3557	97.3064	6.0493	78	58	117	100	0.4382	0.6686	1239.6167	2340	2340	2527	2465	107.9915	105.3419	2.6496	470	429	846	838	0.3593	0.6635	3.3997	0.0789	0.0051
23	Camby, Marcus	POR	679.2833	1280	1297	1369	1301	106.9531	100.3084	6.6447	231	222	467	456	0.3362	0.6778	828.7167	1643	1606	1652	1586	100.5478	98.7547	1.7931	242	297	566	618	0.2814	0.6559	4.8516	0.0548	0.0219
24	Ginobili, Manu	SAS	178.8333	349	348	398	357	114.0401	102.5862	11.4539	68	69	124	116	0.3696	0.6425	1280.9500	2432	2431	2558	2466	105.1809	101.4397	3.7412	395	367	911	907	0.3034	0.7128	7.7127	0.0662	-0.0703
25	Anthony, Carmelo	NYK	719.5000	1405	1398	1442	1413	102.6335	101.0730	1.5605	251	258	482	499	0.3347	0.6514	730.5000	1432	1447	1409	1406	98.3939	97.1666	1.2273	246	220	512	530	0.3170	0.6995	0.3332	0.0177	-0.0481
26	Duncan, Tim	SAS	809.7833	1542	1521	1589	1511	103.0480	99.3425	3.7055	268	240	593	596	0.3102	0.7119	650.0000	1239	1258	1367	1312	110.3309	104.2925	6.0384	195	196	442	427	0.3135	0.6928	-2.3329	-0.0033	0.0191
30	Parker, Tony	SAS	1033.8333	1977	1966	2107	1965	106.5756	99.9491	6.6265	328	307	735	737	0.3080	0.7054	425.9500	804	813	849	858	105.5970	105.5351	0.0620	135	129	300	286	0.3207	0.6993	6.5645	-0.0127	0.0061
31	Miller, Andre	DEN	861.6833	1701	1700	1848	1712	108.6420	100.7059	7.9361	266	282	614	577	0.3155	0.6853	598.3167	1212	1212	1234	1276	101.8152	105.2805	-3.4653	215	178	432	430	0.3333	0.7082	11.4014	-0.0178	-0.0229
34	Hilario, Nene	DEN	673.9833	1340	1327	1397	1357	104.2537	102.2607	1.9930	193	187	492	491	0.2822	0.7246	786.0167	1573	1585	1685	1631	107.1202	102.9022	4.2179	288	273	554	516	0.3582	0.6699	-2.2249	-0.0760	0.0547
36	Najera, Eduardo	CHA	33.9167	61	61	55	72	90.1639	118.0328	-27.8689	5	13	19	28	0.1515	0.5938	1363.0833	2605	2602	2465	2847	94.6257	109.4158	-14.7901	459	462	925	1002	0.3142	0.6669	-13.0788	-0.1627	-0.0731
40	Mohammed, Nazr	OKC	354.8500	673	686	773	710	114.8588	103.4985	11.3603	98	130	255	201	0.3278	0.6623	1042.1500	2056	2053	2190	2088	106.5175	101.7048	4.8127	340	379	772	682	0.3327	0.6707	6.5476	-0.0049	-0.0084
42	Elson, Francisco	PHI	13.3167	24	24	18	29	75.0000	120.8333	-45.8333	2	4	9	12	0.1429	0.6923	1431.6833	2680	2688	2835	2576	105.7836	95.8333	9.9502	436	484	1054	1049	0.2936	0.6853	-55.7835	-0.1507	0.0070
45	Redd, Michael	PHX	266.3000	518	520	496	569	95.7529	109.4231	-13.6702	87	80	175	207	0.2959	0.6863	1173.7000	2256	2262	2324	2355	103.0142	104.1114	-1.0972	345	399	818	821	0.2959	0.6721	-12.5730	0.0000	0.0142
47	Ford, T.J.	SAS	155.1000	300	306	328	306	109.3333	100.0000	9.3333	44	43	122	98	0.3099	0.7394	1304.6833	2481	2473	2628	2517	105.9250	101.7792	4.1458	419	393	913	925	0.3118	0.6991	5.1875	-0.0019	0.0403
49	Bogut, Andrew	MIL	363.7167	695	694	685	667	98.5612	96.1095	2.4516	98	128	255	269	0.2670	0.6658	1033.2833	2011	1999	2057	2140	102.2874	107.0535	-4.7661	385	380	671	745	0.3407	0.6384	7.2177	-0.0737	0.0274
51	Magloire, Jamaal	TOR	245.8667	448	454	462	450	103.1250	99.1189	4.0061	63	82	180	162	0.2800	0.6870	1065.1333	2010	2005	1940	2102	96.5174	104.8379	-8.3205	336	385	699	761	0.3063	0.6448	12.3266	-0.0263	0.0422
52	Iguodala, Andre	PHI	1045.5167	1951	1967	2020	1846	103.5366	93.8485	9.6881	319	380	780	787	0.2884	0.6724	399.4833	753	745	833	759	110.6242	101.8792	8.7450	119	108	283	274	0.3028	0.7238	0.9431	-0.0144	-0.0514
54	Korver, Kyle	CHI	712.2000	1335	1311	1434	1271	107.4157	96.9489	10.4668	296	260	515	468	0.3874	0.6645	775.8000	1465	1491	1555	1453	106.1433	97.4514	8.6920	285	252	572	497	0.3645	0.6942	1.7748	0.0229	-0.0297
55	Williams, Mo	LAC	744.3167	1406	1408	1502	1526	106.8279	108.3807	-1.5528	302	251	478	487	0.3828	0.6557	662.6833	1232	1229	1333	1228	108.1981	99.9186	8.2794	246	236	485	451	0.3529	0.6727	-9.8322	0.0299	-0.0170
59	Salmons, John	SAC	826.4833	1607	1612	1541	1743	95.8930	108.1266	-12.2336	309	290	554	622	0.3319	0.6564	618.5167	1221	1222	1252	1306	102.5389	106.8740	-4.3351	269	220	405	453	0.3726	0.6480	-7.8985	-0.0407	0.0084
65	Miller, Brad	MIN	34.8833	68	63	65	60	95.5882	95.2381	0.3501	16	14	23	27	0.3721	0.6216	1405.1167	2761	2769	2825	2794	102.3180	100.9029	1.4151	509	477	1028	979	0.3421	0.6831	-1.0650	0.0300	-0.0615
68	Bibby, Mike	NYK	292.3500	567	574	509	598	89.7707	104.1812	-14.4105	85	80	188	243	0.2591	0.7015	1157.6500	2270	2271	2342	2221	103.1718	97.7983	5.3735	412	398	806	786	0.3439	0.6694	-19.7840	-0.0848	0.0321
69	West, David	IND	859.3833	1642	1650	1703	1659	103.7150	100.5455	3.1695	297	322	633	608	0.3282	0.6628	537.2833	1020	1015	1012	1025	99.2157	100.9852	-1.7695	204	194	340	374	0.3529	0.6367	4.9390	-0.0247	0.0261
70	Paul, Chris	LAC	861.8500	1609	1590	1828	1662	113.6109	104.5283	9.0826	314	284	586	548	0.3643	0.6736	545.1500	1029	1047	1007	1092	97.8620	104.2980	-6.4360	234	203	377	390	0.3750	0.6500	15.5186	-0.0107	0.0236
73	Andersen, Chris	DEN	318.9667	630	647	659	661	104.6032	102.1638	2.4393	120	120	228	211	0.3625	0.6552	1141.0333	2283	2265	2423	2327	106.1323	102.7373	3.3950	361	340	818	796	0.3120	0.7064	-0.9557	0.0505	-0.0512
76	Butler, Rasual	TOR	396.0500	752	757	702	780	93.3511	103.0383	-9.6872	107	145	278	302	0.2616	0.6572	914.9500	1706	1702	1700	1772	99.6483	104.1128	-4.4645	292	322	601	621	0.3198	0.6511	-5.2227	-0.0582	0.0061
77	Martin, Kevin	HOU	934.0500	1828	1821	1888	1910	103.2823	104.8874	-1.6051	317	330	635	658	0.3251	0.6580	568.9500	1083	1084	1137	1086	104.9861	100.1845	4.8016	203	179	387	359	0.3612	0.6837	-6.4067	-0.0361	-0.0257
80	Garcia, Francisco	SAC	312.7333	621	618	573	637	92.2705	103.0744	-10.8039	118	103	212	256	0.3155	0.6730	1132.2667	2207	2216	2220	2412	100.5890	108.8448	-8.2557	460	407	747	819	0.3597	0.6473	-2.5482	-0.0442	0.0257
83	Bass, Brandon	BOS	692.9833	1265	1273	1284	1261	101.5020	99.0573	2.4446	201	243	466	444	0.3116	0.6573	655.6833	1226	1221	1217	1200	99.2659	98.2801	0.9858	178	224	443	451	0.2830	0.6642	1.4588	0.0286	-0.0069
85	Price, Ronnie	PHX	418.0167	801	818	796	833	99.3758	101.8337	-2.4580	139	140	285	287	0.3263	0.6706	1021.9833	1973	1964	2024	2091	102.5849	106.4664	-3.8815	293	339	708	741	0.2834	0.6762	1.4235	0.0429	-0.0056
86	Johnson, Joe	ATL	976.5833	1850	1843	1889	1857	102.1081	100.7596	1.3485	305	301	694	713	0.2996	0.6975	349.4167	637	650	664	645	104.2386	99.2308	5.0078	118	111	236	231	0.3381	0.6801	-3.6593	-0.0385	0.0174
88	Pachulia, Zaza	ATL	649.4000	1205	1204	1238	1237	102.7386	102.7409	-0.0023	206	185	461	450	0.3140	0.7136	676.6000	1282	1289	1315	1265	102.5741	98.1381	4.4360	217	227	469	494	0.3052	0.6739	-4.4383	0.0088	0.0397
89	Murphy, Troy	LAL	510.3667	941	952	998	970	106.0574	101.8908	4.1666	154	178	383	331	0.3175	0.6827	939.6333	1788	1772	1795	1752	100.3915	98.8713	1.5202	339	330	722	627	0.3509	0.6863	2.6464	-0.0334	-0.0036
90	Richardson, Jason	ORL	745.9833	1401	1401	1489	1430	106.2812	102.0700	4.2113	277	237	539	513	0.3506	0.6946	756.8000	1399	1398	1412	1395	100.9292	99.7854	1.1438	263	222	544	533	0.3304	0.7102	3.0675	0.0202	-0.0156
91	Childress, Josh	PHX	257.2833	480	489	447	545	93.1250	111.4519	-18.3269	99	83	147	181	0.3536	0.6391	1182.7167	2294	2293	2373	2379	103.4438	103.7505	-0.3068	333	396	846	847	0.2822	0.6812	-18.0201	0.0714	-0.0421
92	Dunleavy, Mike	MIL	465.7333	913	905	940	896	102.9573	99.0055	3.9518	184	180	330	342	0.3498	0.6471	931.2667	1793	1788	1802	1911	100.5020	106.8792	-6.3772	299	328	596	672	0.3079	0.6450	10.3290	0.0419	0.0021
94	Smith, Josh	ATL	948.3833	1791	1794	1851	1795	103.3501	100.0557	3.2943	301	283	677	683	0.3059	0.7052	377.6167	696	699	702	707	100.8621	101.1445	-0.2824	122	129	253	261	0.3185	0.6623	3.5767	-0.0126	0.0429
95	Harrington, Al	DEN	799.8833	1594	1586	1693	1614	106.2108	101.7654	4.4453	272	250	555	570	0.3230	0.6894	660.1167	1319	1326	1389	1374	105.3071	103.6199	1.6871	209	210	491	437	0.3235	0.7004	2.7582	-0.0005	-0.0110
97	Williams, Marvin	ATL	606.5667	1135	1138	1148	1176	101.1454	103.3392	-2.1938	205	182	424	454	0.3111	0.6997	719.4333	1352	1355	1405	1326	103.9201	97.8598	6.0603	218	230	506	490	0.3079	0.6875	-8.2541	0.0032	0.0122
98	Pietrus, Mickael	BOS	407.2667	763	766	748	731	98.0341	95.4308	2.6033	122	138	288	270	0.3112	0.6761	941.4000	1728	1728	1753	1730	101.4468	100.1157	1.3310	257	329	621	625	0.2914	0.6537	1.2723	0.0198	0.0224
101	Biedrins, Andris	GSW	433.6833	827	826	858	883	103.7485	106.9007	-3.1522	126	153	288	313	0.2870	0.6531	920.3167	1807	1810	1908	1937	105.5894	107.0166	-1.4272	288	373	597	643	0.3093	0.6155	-1.7250	-0.0223	0.0376
103	Fisher, Derek	LAL	770.4000	1480	1461	1505	1464	101.6892	100.2053	1.4839	261	258	589	520	0.3342	0.6954	679.6000	1249	1263	1288	1258	103.1225	99.6041	3.5184	232	250	516	438	0.3463	0.6736	-2.0345	-0.0121	0.0218
109	Ivey, Royal	OKC	57.3333	110	109	110	107	100.0000	98.1651	1.8349	26	24	36	34	0.4333	0.6000	1339.6667	2619	2630	2853	2691	108.9347	102.3194	6.6153	412	485	991	849	0.3267	0.6714	-4.7804	0.1066	-0.0714
110	Hinrich, Kirk	ATL	198.2000	376	375	385	403	102.3936	107.4667	-5.0730	54	57	140	146	0.2700	0.7107	1127.8000	2111	2118	2168	2099	102.7001	99.1029	3.5972	369	355	790	798	0.3162	0.6900	-8.6702	-0.0462	0.0207
111	Wallace, Gerald	POR	1083.4167	2093	2088	2165	1999	103.4400	95.7375	7.7025	337	365	772	776	0.3028	0.6790	424.5833	830	815	856	888	103.1325	108.9571	-5.8245	136	154	261	298	0.3134	0.6289	13.5270	-0.0106	0.0501
112	Nocioni, Andres	PHI	43.2500	82	84	77	84	93.9024	100.0000	-6.0976	18	15	35	32	0.3600	0.7000	1401.7500	2622	2628	2776	2521	105.8734	95.9285	9.9449	420	473	1028	1029	0.2899	0.6849	-16.0425	0.0701	0.0151
113	Duhon, Chris	ORL	647.4000	1188	1207	1225	1170	103.1145	96.9345	6.1799	217	196	483	448	0.3263	0.7113	855.3833	1612	1592	1676	1655	103.9702	103.9573	0.0129	323	263	600	598	0.3507	0.6952	6.1670	-0.0244	0.0161
117	Okafor, Emeka	NOH	750.4167	1388	1390	1349	1462	97.1902	105.1799	-7.9897	236	220	504	526	0.3097	0.6961	646.5833	1190	1186	1198	1218	100.6723	102.6981	-2.0259	225	213	423	398	0.3612	0.6651	-5.9638	-0.0515	0.0310
118	Chandler, Tyson	NYK	1008.2833	1975	1983	1974	2001	99.9494	100.9077	-0.9583	362	327	704	717	0.3355	0.6828	441.7167	862	862	877	818	101.7401	94.8956	6.8445	135	151	290	312	0.3020	0.6576	-7.8028	0.0335	0.0252
119	Gordon, Ben	DET	583.2833	1092	1084	1072	1181	98.1685	108.9483	-10.7798	194	173	348	373	0.3422	0.6679	813.7167	1505	1510	1459	1606	96.9435	106.3576	-9.4141	293	232	520	565	0.3415	0.6915	-1.3657	0.0007	-0.0236
122	Deng, Luol	CHI	958.1333	1805	1800	1935	1703	107.2022	94.6111	12.5911	359	309	722	609	0.3709	0.7003	529.8667	995	1002	1054	1021	105.9296	101.8962	4.0334	222	203	365	356	0.3841	0.6426	8.5577	-0.0132	0.0577
126	Felton, Raymond	POR	984.8000	1880	1866	2002	1869	106.4894	100.1608	6.3286	311	331	668	678	0.3145	0.6687	523.2000	1043	1037	1019	1018	97.6989	98.1678	-0.4688	162	188	365	396	0.2903	0.6600	6.7974	0.0242	0.0087
128	Carroll, Matt	CHA	316.8833	601	602	582	634	96.8386	105.3156	-8.4770	119	115	209	223	0.3480	0.6451	1080.1167	2065	2061	1938	2285	93.8499	110.8685	-17.0186	345	360	735	807	0.2995	0.6712	8.5416	0.0485	-0.0261
132	Okur, Mehmet	NJN	301.1000	538	533	533	622	99.0706	116.6979	-17.6273	110	103	184	201	0.3537	0.6411	370.9000	683	682	739	734	108.1991	107.6246	0.5745	137	160	247	237	0.3663	0.6069	-18.2018	-0.0126	0.0342
139	Williams, Deron	NJN	473.6833	869	858	932	942	107.2497	109.7902	-2.5405	182	187	310	308	0.3714	0.6237	198.3167	352	357	340	414	96.5909	115.9664	-19.3755	65	76	121	130	0.3333	0.6142	16.8350	0.0381	0.0095
141	Humphries, Kris	NJN	418.3000	769	767	852	815	110.7932	106.2581	4.5351	149	160	293	263	0.3617	0.6468	253.7000	452	448	420	541	92.9204	120.7589	-27.8386	98	103	138	175	0.3590	0.5726	32.3737	0.0027	0.0742
143	O'Neal, Jermaine	BOS	509.9167	924	931	926	899	100.2165	96.5628	3.6536	152	154	347	339	0.3096	0.6926	838.7500	1567	1563	1575	1562	100.5105	99.9360	0.5745	227	313	562	556	0.2899	0.6423	3.0791	0.0197	0.0503
144	Battie, Tony	PHI	173.3167	322	323	324	285	100.6211	88.2353	12.3858	49	50	141	134	0.2678	0.7382	1271.6833	2382	2389	2529	2320	106.1713	97.1118	9.0595	389	438	922	927	0.2956	0.6779	3.3263	-0.0278	0.0603
145	World Peace, Metta	LAL	657.8167	1224	1228	1202	1198	98.2026	97.5570	0.6456	230	248	492	452	0.3372	0.6649	792.1833	1505	1496	1591	1524	105.7143	101.8717	3.8426	263	260	613	506	0.3420	0.7022	-3.1970	-0.0048	-0.0373
147	Jackson, Stephen	MIL	670.9000	1307	1298	1306	1376	99.9235	106.0092	-6.0858	240	248	426	482	0.3324	0.6320	726.1000	1399	1395	1436	1431	102.6447	102.5806	0.0641	243	260	500	532	0.3135	0.6579	-6.1499	0.0189	-0.0259
148	Stevenson, DeShawn	NJN	242.5833	432	443	438	477	101.3889	107.6749	-6.2861	83	101	164	170	0.3281	0.6189	429.4167	789	772	834	879	105.7034	113.8601	-8.1567	164	162	267	268	0.3796	0.6224	1.8706	-0.0515	-0.0035
149	Howard, Dwight	ORL	1187.4667	2218	2199	2322	2183	104.6889	99.2724	5.4165	435	363	878	810	0.3494	0.7075	315.3167	582	600	579	642	99.4845	107.0000	-7.5155	105	96	205	236	0.3079	0.6811	12.9320	0.0415	0.0264
151	Turkoglu, Hedo	ORL	897.3833	1678	1676	1800	1716	107.2706	102.3866	4.8839	350	287	644	595	0.3704	0.6917	605.4000	1122	1123	1101	1109	98.1283	98.7533	-0.6250	190	172	439	451	0.2964	0.7185	5.5089	0.0740	-0.0268
152	Tinsley, Jamaal	UTA	81.8167	157	161	180	180	114.6497	111.8012	2.8484	31	37	58	40	0.4366	0.6105	1277.1833	2433	2433	2505	2544	102.9593	104.5623	-1.6030	469	425	854	874	0.3492	0.6677	4.4514	0.0874	-0.0572
155	Granger, Danny	IND	910.8667	1747	1752	1824	1724	104.4076	98.4018	6.0057	325	337	664	630	0.3403	0.6633	485.8000	915	913	891	960	97.3770	105.1479	-7.7708	176	179	309	352	0.3333	0.6332	13.7765	0.0070	0.0301
158	Nelson, Jameer	ORL	745.8167	1407	1392	1519	1427	107.9602	102.5144	5.4458	276	217	539	515	0.3489	0.7130	756.9667	1393	1407	1382	1398	99.2103	99.3603	-0.1500	264	242	544	531	0.3321	0.6921	5.5958	0.0168	0.0209
163	Evans, Reggie	LAC	368.8167	671	676	691	750	102.9806	110.9467	-7.9661	154	95	226	234	0.3969	0.7040	1038.1833	1967	1961	2144	2004	108.9985	102.1928	6.8057	394	392	737	704	0.3588	0.6528	-14.7718	0.0381	0.0512
164	Kaman, Chris	NOH	554.7167	1026	1017	994	1013	96.8811	99.6067	-2.7256	195	178	373	358	0.3526	0.6770	842.2833	1552	1559	1553	1667	100.0644	106.9275	-6.8631	266	255	554	566	0.3197	0.6848	4.1375	0.0329	-0.0078
166	Allen, Ray	BOS	811.1167	1505	1497	1555	1511	103.3223	100.9352	2.3871	231	261	553	530	0.3035	0.6794	537.5500	986	997	946	950	95.9432	95.2859	0.6573	148	206	356	365	0.2885	0.6335	1.7298	0.0150	0.0459
167	Brand, Elton	PHI	768.4500	1429	1429	1463	1355	102.3793	94.8216	7.5577	215	264	576	584	0.2691	0.6857	676.5500	1275	1283	1390	1250	109.0196	97.4279	11.5917	223	224	487	477	0.3186	0.6850	-4.0340	-0.0495	0.0007
168	Petro, Johan	NJN	179.4333	327	317	315	342	96.3303	107.8864	-11.5562	61	83	115	121	0.3352	0.5808	492.5667	894	898	957	1014	107.0470	112.9176	-5.8706	186	180	316	317	0.3698	0.6371	-5.6856	-0.0346	-0.0563
170	Lewis, Rashard	WAS	637.0833	1266	1249	1217	1352	96.1295	108.2466	-12.1171	222	245	423	474	0.3190	0.6332	807.9167	1562	1560	1531	1650	98.0154	105.7692	-7.7539	292	314	531	580	0.3349	0.6284	-4.3632	-0.0159	0.0048
172	Collison, Nick	OKC	597.2500	1136	1149	1322	1197	116.3732	104.1775	12.1957	178	229	420	364	0.3284	0.6471	799.7500	1593	1590	1641	1601	103.0132	100.6918	2.3214	260	280	607	519	0.3338	0.6843	9.8743	-0.0054	-0.0372
173	Ridnour, Luke	MIN	883.3500	1714	1716	1731	1777	100.9918	103.5548	-2.5629	327	289	612	619	0.3457	0.6792	556.6500	1115	1116	1159	1077	103.9462	96.5054	7.4408	198	202	439	387	0.3385	0.6849	-10.0037	0.0072	-0.0057
176	Wilkins, Damien	DET	426.8333	787	799	772	807	98.0940	101.0013	-2.9072	137	104	297	292	0.3193	0.7406	970.1667	1810	1795	1759	1980	97.1823	110.3064	-13.1241	350	301	571	646	0.3514	0.6548	10.2169	-0.0321	0.0858
180	Radmanovic, Vladimir	ATL	434.3667	805	809	859	798	106.7081	98.6403	8.0678	141	139	309	293	0.3249	0.6897	891.6333	1682	1684	1694	1704	100.7134	101.1876	-0.4742	282	273	621	651	0.3023	0.6946	8.5420	0.0226	-0.0049
181	Wilcox, Chris	BOS	293.5333	552	556	565	550	102.3551	98.9209	3.4342	92	92	194	179	0.3395	0.6783	1055.1333	1939	1938	1936	1911	99.8453	98.6068	1.2385	287	375	715	716	0.2861	0.6560	2.1957	0.0534	0.0223
186	Bryant, Kobe	LAL	1145.7167	2193	2180	2271	2185	103.5568	100.2294	3.3274	397	381	887	771	0.3399	0.6995	304.2833	536	544	522	537	97.3881	98.7132	-1.3252	96	127	218	187	0.3392	0.6319	4.6526	0.0007	0.0676
187	Odom, Lamar	DAL	617.2167	1163	1156	1191	1161	102.4076	100.4325	1.9750	190	217	446	442	0.3006	0.6727	837.7833	1624	1628	1647	1567	101.4163	96.2531	5.1632	266	279	619	609	0.3040	0.6893	-3.1882	-0.0034	-0.0166
189	Brown, Kwame	GSW	187.0500	361	371	350	378	96.9529	101.8868	-4.9339	70	74	132	128	0.3535	0.6408	1166.9500	2273	2265	2416	2442	106.2912	107.8146	-1.5233	344	452	753	828	0.2935	0.6249	-3.4106	0.0600	0.0159
191	Cook, Brian	LAC	118.2667	234	239	227	259	97.0085	108.3682	-11.3597	40	52	81	97	0.2920	0.6090	1288.7333	2404	2398	2608	2495	108.4859	104.0450	4.4408	508	435	882	841	0.3766	0.6697	-15.8005	-0.0846	-0.0607
194	Bynum, Andrew	LAL	902.7833	1693	1676	1733	1663	102.3627	99.2243	3.1383	319	288	700	582	0.3541	0.7085	547.2167	1036	1048	1060	1059	102.3166	101.0496	1.2670	174	220	405	376	0.3164	0.6480	1.8713	0.0377	0.0605
197	Gasol, Pau	LAL	1110.8000	2110	2097	2154	2096	102.0853	99.9523	2.1330	380	392	850	762	0.3327	0.6844	339.2000	619	627	639	626	103.2310	99.8405	3.3905	113	116	255	196	0.3657	0.6873	-1.2575	-0.0330	-0.0029
198	Battier, Shane	MIA	676.1333	1285	1295	1382	1271	107.5486	98.1467	9.4019	217	236	472	445	0.3278	0.6667	788.8667	1555	1553	1732	1574	111.3826	101.3522	10.0304	233	276	589	483	0.3254	0.6809	-0.6285	0.0024	-0.0142
201	Haslem, Udonis	MIA	779.4333	1485	1504	1603	1486	107.9461	98.8032	9.1429	262	275	567	497	0.3452	0.6734	685.5667	1355	1344	1511	1359	111.5129	101.1161	10.3968	188	237	494	431	0.3037	0.6758	-1.2539	0.0415	-0.0024
204	Wade, Dwyane	MIA	708.7167	1408	1403	1562	1400	110.9375	99.7862	11.1513	228	262	552	442	0.3403	0.6781	756.2833	1432	1445	1552	1445	108.3799	100.0000	8.3799	222	250	509	486	0.3136	0.6706	2.7714	0.0267	0.0075
209	Miller, Mike	MIA	370.8500	689	686	799	699	115.9652	101.8950	14.0701	114	135	242	222	0.3393	0.6419	1094.1500	2151	2162	2315	2146	107.6244	99.2599	8.3644	336	377	819	706	0.3225	0.6848	5.7057	0.0168	-0.0429
211	Kapono, Jason	LAL	230.1000	414	414	437	407	105.5556	98.3092	7.2464	71	93	172	138	0.3397	0.6491	1219.9000	2315	2310	2356	2315	101.7711	100.2165	1.5546	422	415	933	820	0.3398	0.6921	5.6918	-0.0001	-0.0430
212	Jones, Dahntay	IND	487.8667	924	924	906	984	98.0519	106.4935	-8.4416	170	180	306	348	0.3282	0.6296	908.8000	1738	1741	1809	1700	104.0852	97.6450	6.4401	331	336	667	634	0.3430	0.6650	-14.8817	-0.0148	-0.0354
214	Wright, Dorell	GSW	777.7167	1518	1523	1578	1661	103.9526	109.0611	-5.1085	238	300	508	549	0.3024	0.6287	576.2833	1116	1113	1188	1159	106.4516	104.1330	2.3186	176	226	377	407	0.3019	0.6252	-7.4271	0.0005	0.0035
215	Barron, Earl	GSW	8.7167	17	17	16	18	94.1176	105.8824	-11.7647	3	6	5	7	0.3000	0.4545	1345.2833	2617	2619	2750	2802	105.0822	106.9874	-1.9052	411	520	880	949	0.3022	0.6286	-9.8595	-0.0022	-0.1741
218	Warrick, Hakim	PHX	324.0500	623	627	606	692	97.2713	110.3668	-13.0956	110	113	205	240	0.3143	0.6447	1115.9500	2151	2155	2214	2232	102.9289	103.5731	-0.6442	322	366	788	788	0.2901	0.6828	-12.4514	0.0242	-0.0381
221	Jefferson, Richard	SAS	891.7000	1708	1706	1753	1711	102.6347	100.2931	2.3416	272	271	634	652	0.2944	0.7006	568.0833	1073	1073	1203	1112	112.1156	103.6347	8.4809	191	165	401	371	0.3399	0.7085	-6.1393	-0.0455	-0.0079
222	Kidd, Jason	DAL	562.1667	1090	1090	1088	1067	99.8165	97.8899	1.9266	187	194	420	421	0.3076	0.6840	892.8333	1697	1694	1750	1661	103.1232	98.0519	5.0712	269	302	645	630	0.2992	0.6811	-3.1446	0.0084	0.0029
223	Collins, Jason	ATL	114.5333	219	224	197	200	89.9543	89.2857	0.6686	28	41	94	93	0.2314	0.6963	1211.4667	2268	2269	2356	2302	103.8801	101.4544	2.4257	395	371	836	851	0.3170	0.6926	-1.7571	-0.0856	0.0037
224	Carter, Vince	DAL	625.8333	1194	1198	1311	1119	109.7990	93.4057	16.3933	165	198	472	437	0.2741	0.7045	829.1667	1593	1586	1527	1609	95.8569	101.4502	-5.5933	291	298	593	614	0.3215	0.6655	21.9866	-0.0474	0.0390
235	Curry, Eddy	MIA	40.0000	77	76	71	102	92.2078	134.2105	-42.0027	11	17	21	24	0.3143	0.5526	1425.0000	2763	2772	3043	2743	110.1339	98.9538	11.1801	439	495	1040	904	0.3269	0.6775	-53.1828	-0.0126	-0.1249
237	Richardson, Quentin	ORL	384.6000	698	709	656	688	93.9828	97.0381	-3.0553	117	114	278	279	0.2955	0.7092	1118.1833	2102	2090	2245	2137	106.8030	102.2488	4.5542	423	345	805	767	0.3555	0.7000	-7.6095	-0.0600	0.0092
239	West, Delonte	DAL	634.3333	1206	1216	1183	1159	98.0929	95.3125	2.7804	192	204	480	465	0.2922	0.7018	820.6667	1581	1568	1655	1569	104.6806	100.0638	4.6168	264	292	585	586	0.3106	0.6670	-1.8364	-0.0184	0.0348
240	Pierce, Paul	BOS	872.8833	1617	1612	1661	1562	102.7211	96.8983	5.8228	263	292	603	577	0.3131	0.6737	475.7833	874	882	840	899	96.1098	101.9274	-5.8176	116	175	306	318	0.2673	0.6362	11.6404	0.0458	0.0375
241	Barnes, Matt	LAL	613.6333	1170	1189	1229	1207	105.0427	101.5139	3.5289	199	211	483	394	0.3356	0.6960	836.3667	1559	1535	1564	1515	100.3207	98.6971	1.6237	294	297	622	564	0.3427	0.6768	1.9052	-0.0071	0.0192
245	Ariza, Trevor	NOH	752.9833	1377	1375	1361	1440	98.8381	104.7273	-5.8892	242	250	493	507	0.3231	0.6635	644.0167	1201	1201	1186	1240	98.7510	103.2473	-4.4963	219	183	434	417	0.3443	0.7034	-1.3929	-0.0212	-0.0399
246	Gomes, Ryan	LAC	406.9833	789	793	789	846	100.0000	106.6835	-6.6835	166	143	277	290	0.3640	0.6595	1000.0167	1849	1844	2046	1908	110.6544	103.4707	7.1837	382	344	686	648	0.3709	0.6660	-13.8672	-0.0069	-0.0065
247	Jefferson, Al	UTA	822.6167	1564	1561	1655	1679	105.8184	107.5593	-1.7408	267	288	540	574	0.3175	0.6522	536.3833	1026	1033	1030	1045	100.3899	101.1617	-0.7718	233	174	372	340	0.4066	0.6813	-0.9690	-0.0891	-0.0291
249	Crawford, Jamal	POR	824.8833	1630	1581	1660	1584	101.8405	100.1898	1.6507	263	291	550	595	0.3065	0.6540	683.1167	1293	1322	1361	1303	105.2591	98.5628	6.6963	210	228	483	479	0.3048	0.6793	-5.0456	0.0017	-0.0253
252	Scalabrine, Brian	CHI	69.4000	132	136	146	144	110.6061	105.8824	4.7237	29	27	45	45	0.3919	0.6250	1418.6000	2668	2666	2843	2580	106.5592	96.7742	9.7850	552	485	1042	920	0.3750	0.6824	-5.0613	0.0169	-0.0574
253	Perkins, Kendrick	OKC	739.1500	1468	1456	1532	1466	104.3597	100.6868	3.6729	239	252	549	479	0.3329	0.6854	657.8500	1261	1283	1431	1332	113.4814	103.8192	9.6622	199	257	478	404	0.3300	0.6503	-5.9893	0.0029	0.0351
254	Robinson, Nate	GSW	438.3000	847	840	918	895	108.3825	106.5476	1.8349	139	174	269	300	0.3166	0.6072	915.7000	1787	1796	1848	1925	103.4135	107.1826	-3.7691	275	352	616	656	0.2954	0.6364	5.6040	0.0212	-0.0292
257	Gooden, Drew	MIL	622.0167	1211	1207	1237	1360	102.1470	112.6761	-10.5291	212	212	403	454	0.3183	0.6553	774.9833	1495	1486	1505	1447	100.6689	97.3755	3.2934	271	296	523	560	0.3261	0.6386	-13.8225	-0.0078	0.0167
260	James, LeBron	MIA	1063.9333	2093	2096	2328	2054	111.2279	97.9962	13.2317	332	339	779	685	0.3265	0.6968	401.0667	747	752	786	791	105.2209	105.1862	0.0347	118	173	282	243	0.3269	0.6198	13.1970	-0.0004	0.0770
261	Hughes, Larry	ORL	113.5833	203	204	160	215	78.8177	105.3922	-26.5744	41	38	75	81	0.3361	0.6637	1389.2000	2597	2595	2741	2610	105.5449	100.5780	4.9668	499	421	1008	965	0.3408	0.7054	-31.5412	-0.0047	-0.0417
265	Pavlovic, Sasha	BOS	157.1333	287	293	268	297	93.3798	101.3652	-7.9854	30	62	94	110	0.2143	0.6026	1191.5333	2204	2201	2233	2164	101.3158	98.3189	2.9968	349	405	815	785	0.3078	0.6680	-10.9822	-0.0935	-0.0654
270	Hamilton, Richard	CHI	298.7333	574	570	639	583	111.3240	102.2807	9.0433	117	99	207	178	0.3966	0.6765	1189.2667	2226	2232	2350	2141	105.5705	95.9229	9.6476	464	413	880	787	0.3709	0.6806	-0.6043	0.0257	-0.0041
271	Billups, Chauncey	LAC	606.6167	1144	1140	1251	1170	109.3531	102.6316	6.7216	240	212	424	417	0.3653	0.6667	800.3833	1494	1497	1584	1584	106.0241	105.8116	0.2125	308	275	539	521	0.3715	0.6622	6.5091	-0.0062	0.0045
272	Prince, Tayshaun	DET	897.2500	1665	1658	1644	1852	98.7387	111.7008	-12.9621	326	280	522	589	0.3563	0.6509	499.7500	932	936	887	935	95.1717	99.8932	-4.7215	161	125	346	349	0.3157	0.7346	-8.2406	0.0406	-0.0837
273	Wallace, Ben	DET	427.4667	765	777	711	805	92.9412	103.6036	-10.6624	148	106	271	299	0.3311	0.7188	969.5333	1832	1817	1820	1982	99.3450	109.0809	-9.7359	339	299	597	639	0.3466	0.6663	-0.9265	-0.0155	0.0525
276	Evans, Maurice	WAS	76.8333	156	155	140	179	89.7436	115.4839	-25.7403	23	33	47	54	0.2987	0.5875	1368.1667	2672	2654	2608	2823	97.6048	106.3677	-8.7630	491	526	907	1000	0.3293	0.6329	-16.9773	-0.0306	-0.0454
278	Milicic, Darko	MIN	361.4833	697	698	657	719	94.2611	103.0086	-8.7475	133	116	258	279	0.3228	0.6898	1078.5167	2132	2134	2233	2135	104.7373	100.0469	4.6905	392	375	793	727	0.3503	0.6789	-13.4380	-0.0275	0.0109
279	Delfino, Carlos	MIL	720.8333	1388	1378	1364	1484	98.2709	107.6923	-9.4214	211	250	458	552	0.2765	0.6469	676.1667	1318	1315	1378	1323	104.5524	100.6084	3.9440	272	258	468	462	0.3706	0.6446	-13.3654	-0.0941	0.0023
280	Maxiell, Jason	DET	574.9667	1081	1076	1030	1103	95.2821	102.5093	-7.2271	211	184	379	395	0.3482	0.6732	822.0333	1516	1518	1501	1684	99.0106	110.9354	-11.9249	276	221	489	543	0.3370	0.6887	4.6978	0.0112	-0.0155
281	Williams, Louis	PHI	779.9333	1476	1472	1610	1479	109.0786	100.4755	8.6030	248	261	557	556	0.3085	0.6809	665.0667	1228	1240	1243	1126	101.2215	90.8065	10.4150	190	227	506	505	0.2734	0.6903	-1.8120	0.0351	-0.0094
285	Garnett, Kevin	BOS	837.8667	1541	1538	1590	1494	103.1798	97.1391	6.0406	218	289	573	551	0.2835	0.6647	510.8000	950	956	911	967	95.8947	101.1506	-5.2559	161	178	336	344	0.3188	0.6537	11.2965	-0.0353	0.0110
287	Randolph, Zach	MEM	113.1167	224	222	217	227	96.8750	102.2523	-5.3773	53	43	82	74	0.4173	0.6560	1427.8833	2725	2727	2778	2734	101.9450	100.2567	1.6883	527	477	944	957	0.3551	0.6643	-7.0656	0.0622	-0.0083
289	Telfair, Sebastian	PHX	300.3667	559	571	521	618	93.2021	108.2312	-15.0290	110	92	187	223	0.3303	0.6703	1139.6333	2215	2211	2299	2306	103.7923	104.2967	-0.5044	322	387	806	805	0.2857	0.6756	-14.5246	0.0446	-0.0053
296	Jack, Jarrett	NOH	776.0833	1446	1445	1385	1527	95.7815	105.6747	-9.8933	245	241	520	540	0.3121	0.6833	620.9167	1132	1131	1162	1153	102.6502	101.9452	0.7050	216	192	407	384	0.3600	0.6795	-10.5983	-0.0479	0.0038
298	Carter, Anthony	TOR	180.9833	346	358	302	352	87.2832	98.3240	-11.0408	61	60	126	119	0.3389	0.6774	1130.0167	2112	2101	2100	2200	99.4318	104.7120	-5.2802	338	407	753	804	0.2960	0.6491	-5.7606	0.0429	0.0283
304	Howard, Juwan	MIA	64.9500	132	134	104	142	78.7879	105.9701	-27.1823	19	24	47	47	0.2879	0.6620	1400.0500	2708	2714	3010	2703	111.1521	99.5947	11.5574	431	488	1014	881	0.3285	0.6751	-38.7397	-0.0406	-0.0131
305	McGrady, Tracy	ATL	401.1167	739	746	756	733	102.3004	98.2574	4.0430	118	140	279	273	0.3018	0.6659	924.8833	1748	1747	1797	1769	102.8032	101.2593	1.5439	305	272	651	671	0.3125	0.7053	2.4991	-0.0107	-0.0394
315	Jeffries, Jared	NYK	428.2833	832	841	793	819	95.3125	97.3841	-2.0716	145	133	288	307	0.3208	0.6841	1021.7167	2005	2004	2058	2000	102.6434	99.8004	2.8430	352	345	706	722	0.3277	0.6717	-4.9146	-0.0069	0.0124
316	Jamison, Antawn	CLE	864.3167	1671	1668	1785	1807	106.8223	108.3333	-1.5111	330	267	567	612	0.3503	0.6799	441.6833	820	836	747	830	91.0976	99.2823	-8.1847	200	162	319	293	0.4057	0.6632	6.6736	-0.0554	0.0167
318	James, Mike	CHI	65.7167	124	125	157	114	126.6129	91.2000	35.4129	28	20	53	37	0.4308	0.7260	1422.2833	2676	2677	2832	2610	105.8296	97.4972	8.3324	553	492	1034	928	0.3734	0.6776	27.0805	0.0574	0.0484
319	Bosh, Chris	MIA	1061.6167	2046	2046	2260	2044	110.4594	99.9022	10.5572	327	372	777	670	0.3280	0.6762	403.3833	794	802	854	801	107.5567	99.8753	7.6814	123	140	284	258	0.3228	0.6698	2.8758	0.0052	0.0064
322	Haywood, Brendan	DAL	640.2500	1205	1219	1245	1192	103.3195	97.7851	5.5344	199	219	473	448	0.3076	0.6835	814.7500	1582	1565	1593	1536	100.6953	98.1470	2.5484	257	277	592	603	0.2988	0.6812	2.9860	0.0088	0.0023
324	Butler, Caron	LAC	891.5000	1661	1656	1850	1705	111.3787	102.9589	8.4198	343	319	627	578	0.3724	0.6628	515.5000	977	981	985	1049	100.8188	106.9317	-6.1129	205	168	336	360	0.3628	0.6667	14.5327	0.0096	-0.0039
327	Villanueva, Charlie	DET	5.5167	11	12	9	13	81.8182	108.3333	-26.5152	3	0	3	2	0.6000	1.0000	1391.4833	2586	2582	2522	2774	97.5251	107.4361	-9.9110	484	405	865	936	0.3408	0.6811	-16.6042	0.2592	0.3189
330	Bonner, Matt	SAS	622.9500	1173	1161	1303	1159	111.0827	99.8277	11.2550	174	172	444	434	0.2862	0.7208	836.8333	1608	1618	1653	1664	102.7985	102.8430	-0.0445	289	264	591	589	0.3292	0.6912	11.2995	-0.0430	0.0296
331	Calderon, Jose	TOR	933.8667	1731	1720	1715	1839	99.0757	106.9186	-7.8429	274	329	614	677	0.2881	0.6511	377.1333	727	739	687	713	94.4979	96.4817	-1.9838	125	138	265	246	0.3369	0.6576	-5.8591	-0.0488	-0.0065
344	Udrih, Beno	MIL	381.1000	739	741	789	748	106.7659	100.9447	5.8212	130	135	256	262	0.3316	0.6547	1015.9000	1967	1952	1953	2059	99.2883	105.4816	-6.1933	353	373	670	752	0.3195	0.6424	12.0145	0.0121	0.0123
354	Outlaw, Travis	SAC	212.3167	415	412	437	486	105.3012	117.9612	-12.6600	92	79	118	153	0.3755	0.5990	1232.6833	2413	2422	2356	2563	97.6378	105.8216	-8.1838	486	431	841	922	0.3452	0.6612	-4.4762	0.0303	-0.0622
355	Blake, Steve	LAL	433.8500	830	835	838	809	100.9639	96.8862	4.0776	155	163	335	285	0.3523	0.6727	1016.1500	1899	1889	1955	1913	102.9489	101.2705	1.6784	338	345	770	673	0.3343	0.6906	2.3992	0.0180	-0.0179
356	Webster, Martell	MIN	188.1833	373	373	412	375	110.4558	100.5362	9.9196	80	72	146	111	0.4188	0.6697	1251.8167	2456	2459	2478	2479	100.8958	100.8133	0.0824	445	419	905	895	0.3321	0.6835	9.8372	0.0867	-0.0138
357	Watson, Earl	UTA	593.4333	1127	1121	1140	1119	101.1535	99.8216	1.3319	252	193	409	378	0.4000	0.6794	765.5667	1463	1473	1545	1605	105.6049	108.9613	-3.3564	248	269	503	536	0.3163	0.6516	4.6883	0.0837	0.0278
362	Frye, Channing	PHX	714.1167	1371	1365	1472	1454	107.3669	106.5201	0.8467	176	243	505	471	0.2720	0.6751	725.8833	1403	1417	1348	1470	96.0798	103.7403	-7.6605	256	236	488	557	0.3149	0.6740	8.5072	-0.0429	0.0011
377	Lee, David	GSW	999.6333	1950	1947	2062	2120	105.7436	108.8855	-3.1419	304	386	651	702	0.3022	0.6278	354.3667	684	689	704	700	102.9240	101.5965	1.3275	110	140	234	254	0.3022	0.6257	-4.4694	0.0000	0.0021
389	Pargo, Jannero	ATL	257.8333	479	484	477	458	99.5825	94.6281	4.9544	77	89	184	171	0.3105	0.6740	1068.1667	2008	2009	2076	2044	103.3865	101.7422	1.6443	346	323	746	773	0.3092	0.6978	3.3101	0.0013	-0.0238
390	Maggette, Corey	CHA	310.1833	613	610	592	669	96.5742	109.6721	-13.0979	98	102	226	238	0.2917	0.6890	1086.8167	2053	2053	1928	2250	93.9113	109.5957	-15.6844	366	373	718	792	0.3161	0.6581	2.5865	-0.0244	0.0309
413	Blatche, Andray	WAS	484.6333	955	947	927	1004	97.0681	106.0190	-8.9509	162	151	316	385	0.2962	0.6767	960.3667	1873	1862	1821	1998	97.2237	107.3040	-10.0803	352	408	638	669	0.3448	0.6099	1.1294	-0.0486	0.0668
417	Ellis, Monta	GSW	1008.0667	1977	1979	2084	2141	105.4122	108.1860	-2.7737	308	393	661	719	0.2999	0.6271	345.9333	657	657	682	679	103.8052	103.3486	0.4566	106	133	224	237	0.3090	0.6275	-3.2303	-0.0091	-0.0004
419	Dooling, Keyon	BOS	206.6833	372	366	362	404	97.3118	110.3825	-13.0707	50	80	115	137	0.2674	0.5897	1141.9833	2119	2128	2139	2057	100.9438	96.6635	4.2803	329	387	794	758	0.3027	0.6723	-17.3510	-0.0353	-0.0826
426	Miles, C.J.	UTA	520.9167	1014	1002	997	1032	98.3235	102.9940	-4.6705	202	183	356	350	0.3659	0.6605	838.0833	1576	1592	1688	1692	107.1066	106.2814	0.8252	298	279	556	564	0.3457	0.6659	-5.4957	0.0202	-0.0054
453	Diogu, Ike	SAS	14.2000	27	26	39	28	144.4444	107.6923	36.7521	4	3	10	8	0.3333	0.7692	1445.5833	2754	2753	2917	2795	105.9187	101.5256	4.3931	459	433	1025	1015	0.3114	0.7030	32.3590	0.0219	0.0662
454	Wafer, Von	ORL	224.8667	424	420	443	436	104.4811	103.8095	0.6716	59	65	161	159	0.2706	0.7124	1277.9167	2376	2379	2458	2389	103.4512	100.4203	3.0308	481	394	922	887	0.3516	0.7006	-2.3592	-0.0810	0.0118
458	Dalembert, Samuel	HOU	724.1833	1395	1392	1457	1413	104.4444	101.5086	2.9358	278	255	494	461	0.3762	0.6595	778.8167	1516	1513	1568	1583	103.4301	104.6266	-1.1965	242	254	528	556	0.3033	0.6752	4.1323	0.0729	-0.0157
459	Walton, Luke	LAL	54.5833	102	101	101	80	99.0196	79.2079	19.8117	20	22	48	31	0.3922	0.6857	1395.4167	2627	2623	2692	2642	102.4743	100.7244	1.7499	473	486	1057	927	0.3379	0.6850	18.0618	0.0543	0.0007
468	Foster, Jeff	IND	111.1667	212	207	213	179	100.4717	86.4734	13.9983	46	32	81	69	0.4000	0.7168	1285.5000	2450	2458	2502	2505	102.1224	101.9121	0.2103	455	484	892	913	0.3326	0.6483	13.7880	0.0674	0.0685
483	Livingston, Shaun	MIL	666.9667	1275	1278	1293	1337	101.4118	104.6166	-3.2048	216	243	434	485	0.3081	0.6411	730.0333	1431	1415	1449	1470	101.2579	103.8869	-2.6291	267	265	492	529	0.3354	0.6499	-0.5757	-0.0273	-0.0088
484	Cardinal, Brian	DAL	164.0333	320	327	303	333	94.6875	101.8349	-7.1474	57	67	116	129	0.3065	0.6339	1290.9667	2467	2457	2535	2395	102.7564	97.4766	5.2798	399	429	949	922	0.3020	0.6887	-12.4272	0.0045	-0.0548
486	Hill, Grant	PHX	759.8667	1472	1468	1552	1530	105.4348	104.2234	1.2113	192	259	556	532	0.2652	0.6822	680.1333	1302	1314	1268	1394	97.3886	106.0883	-8.6996	240	220	437	496	0.3261	0.6651	9.9109	-0.0609	0.0171
492	Stackhouse, Jerry	ATL	59.9333	120	118	125	97	104.1667	82.2034	21.9633	18	26	51	41	0.3051	0.6623	1266.0667	2367	2375	2428	2405	102.5771	101.2632	1.3139	405	386	879	903	0.3096	0.6949	20.6494	-0.0045	-0.0326
498	Lucas, John	CHI	282.5833	513	523	533	491	103.8986	93.8815	10.0172	117	91	207	187	0.3849	0.6946	1205.4167	2287	2279	2456	2233	107.3896	97.9816	9.4080	464	421	880	778	0.3736	0.6764	0.6092	0.0113	0.0182
501	Allen, Tony	MEM	761.6500	1441	1454	1532	1440	106.3151	99.0371	7.2779	288	261	499	473	0.3784	0.6566	779.3500	1508	1495	1463	1521	97.0159	101.7391	-4.7232	292	259	527	558	0.3435	0.6705	12.0011	0.0349	-0.0139
505	Varejao, Anderson	CLE	751.2667	1448	1449	1523	1545	105.1796	106.6253	-1.4457	295	237	507	518	0.3629	0.6815	554.7333	1043	1055	1009	1092	96.7402	103.5071	-6.7669	235	192	379	387	0.3778	0.6637	5.3212	-0.0149	0.0178
508	Hayes, Chuck	SAC	393.9333	759	765	737	822	97.1014	107.4510	-10.3495	168	154	251	299	0.3597	0.6198	1051.0667	2069	2069	2056	2227	99.3717	107.6365	-8.2649	410	356	708	776	0.3457	0.6654	-2.0846	0.0140	-0.0456
510	Johnson, Amir	TOR	677.0000	1255	1246	1245	1279	99.2032	102.6485	-3.4453	223	256	459	472	0.3209	0.6420	634.0000	1203	1213	1157	1273	96.1762	104.9464	-8.7702	176	211	420	451	0.2807	0.6656	5.3249	0.0402	-0.0236
516	Turiaf, Ronny	WAS	58.2333	114	110	122	107	107.0175	97.2727	9.7448	9	17	38	40	0.1837	0.6909	1386.7667	2714	2699	2626	2895	96.7576	107.2619	-10.5044	505	542	916	1014	0.3325	0.6283	20.2492	-0.1488	0.0626
518	Boozer, Carlos	CHI	935.7000	1772	1755	1879	1772	106.0384	100.9687	5.0697	345	300	677	617	0.3586	0.6929	552.3000	1028	1047	1110	952	107.9767	90.9265	17.0502	236	212	410	348	0.4041	0.6592	-11.9805	-0.0455	0.0337
532	Bynum, Will	DET	141.9667	273	270	247	272	90.4762	100.7407	-10.2646	56	43	91	108	0.3415	0.6791	1255.0333	2324	2324	2284	2515	98.2788	108.2186	-9.9398	431	362	777	830	0.3418	0.6822	-0.3248	-0.0003	-0.0031
537	Stoudemire, Amare	NYK	830.6500	1612	1608	1598	1636	99.1315	101.7413	-2.6098	285	272	559	583	0.3283	0.6727	619.3500	1225	1237	1253	1183	102.2857	95.6346	6.6511	212	206	435	446	0.3222	0.6786	-9.2609	0.0061	-0.0059
541	Green, Willie	ATL	443.3000	826	838	837	873	101.3317	104.1766	-2.8449	143	141	284	309	0.3164	0.6682	882.7000	1661	1655	1716	1629	103.3113	98.4290	4.8823	280	271	646	635	0.3060	0.7045	-7.7272	0.0104	-0.0363
550	Jones, Solomon	LAC	96.1167	185	177	173	224	93.5135	126.5537	-33.0402	49	30	51	63	0.4375	0.6296	1310.8833	2453	2460	2662	2530	108.5202	102.8455	5.6747	499	457	912	875	0.3632	0.6662	-38.7149	0.0743	-0.0366
550	Jones, Solomon	NOH	15.0333	27	25	19	28	70.3704	112.0000	-41.6296	6	9	10	7	0.4615	0.5263	1381.9667	2551	2551	2528	2652	99.0984	103.9592	-4.8608	455	424	917	917	0.3316	0.6838	-36.7688	0.1299	-0.1575
551	Williams, Shelden	NJN	301.1667	533	542	574	627	107.6923	115.6827	-7.9903	120	122	181	188	0.3896	0.5974	370.8333	688	673	698	729	101.4535	108.3210	-6.8675	127	141	250	250	0.3369	0.6394	-1.1228	0.0527	-0.0420
553	Rondo, Rajon	BOS	784.2500	1462	1461	1529	1477	104.5828	101.0951	3.4876	241	269	537	514	0.3192	0.6663	564.4167	1029	1033	972	984	94.4606	95.2565	-0.7959	138	198	372	381	0.2659	0.6526	4.2835	0.0533	0.0137
557	Hollins, Ryan	CLE	135.3167	250	255	234	251	93.6000	98.4314	-4.8314	51	43	101	103	0.3312	0.7014	1170.6833	2241	2249	2298	2386	102.5435	106.0916	-3.5481	479	386	785	802	0.3739	0.6704	-1.2833	-0.0427	0.0310
558	Sefolosha, Thabo	OKC	343.3667	706	705	692	630	98.0170	89.3617	8.6553	80	125	274	226	0.2614	0.6867	1053.6333	2023	2034	2271	2168	112.2590	106.5880	5.6710	358	384	753	657	0.3527	0.6623	2.9843	-0.0913	0.0244
559	Thomas, Tyrus	CHA	534.7833	1003	1006	977	1128	97.4078	112.1272	-14.7195	182	177	359	383	0.3221	0.6698	862.2167	1663	1657	1543	1791	92.7841	108.0869	-15.3028	282	298	585	647	0.3036	0.6625	0.5833	0.0185	0.0073
560	Brown, Shannon	PHX	479.3000	921	930	911	965	98.9142	103.7634	-4.8492	145	172	316	369	0.2821	0.6475	960.7000	1853	1852	1909	1959	103.0221	105.7775	-2.7554	287	307	677	659	0.3034	0.6880	-2.0938	-0.0213	-0.0405
561	Gibson, Daniel	CLE	536.4167	1030	1031	1055	1051	102.4272	101.9399	0.4873	230	190	371	358	0.3912	0.6613	769.5833	1461	1473	1477	1586	101.0951	107.6714	-6.5763	300	239	515	547	0.3542	0.6830	7.0636	0.0370	-0.0217
563	Barea, Jose	MIN	290.7167	594	594	574	555	96.6330	93.4343	3.1987	110	106	231	223	0.3303	0.6855	1149.2833	2235	2238	2316	2299	103.6242	102.7256	0.8985	415	385	820	783	0.3464	0.6805	2.3002	-0.0161	0.0050
569	Novak, Steve	NYK	276.4167	546	539	570	512	104.3956	94.9907	9.4049	93	88	198	202	0.3153	0.6923	1173.5833	2291	2306	2281	2307	99.5635	100.0434	-0.4799	404	390	796	827	0.3282	0.6712	9.8848	-0.0129	0.0211
573	Williams, Shawne	NJN	124.7000	225	218	209	251	92.8889	115.1376	-22.2487	61	49	67	90	0.4040	0.5776	547.3000	996	997	1063	1105	106.7269	110.8325	-4.1056	186	214	364	348	0.3483	0.6298	-18.1431	0.0557	-0.0522
575	Farmar, Jordan	NJN	160.3667	291	287	313	343	107.5601	119.5122	-11.9521	58	64	88	98	0.3718	0.5789	511.6333	930	928	959	1013	103.1183	109.1595	-6.0412	189	199	343	340	0.3573	0.6328	-5.9109	0.0145	-0.0539
577	Gay, Rudy	MEM	1209.1833	2310	2305	2391	2358	103.5065	102.2993	1.2071	446	394	784	803	0.3571	0.6655	331.8167	639	644	604	603	94.5227	93.6335	0.8892	134	126	242	228	0.3702	0.6576	0.3179	-0.0131	0.0079
579	Lowry, Kyle	HOU	1013.5833	1989	1979	2080	2000	104.5752	101.0611	3.5140	352	337	705	687	0.3388	0.6766	489.4167	922	926	945	996	102.4946	107.5594	-5.0648	168	172	317	330	0.3373	0.6483	8.5788	0.0015	0.0283
588	Foye, Randy	LAC	653.7833	1219	1231	1245	1244	102.1329	101.0561	1.0768	245	242	458	448	0.3535	0.6543	753.2167	1419	1406	1590	1510	112.0507	107.3969	4.6539	303	245	505	490	0.3821	0.6733	-3.5771	-0.0286	-0.0190
589	Smith, Craig	POR	311.7333	604	599	612	651	101.3245	108.6811	-7.3566	102	107	207	214	0.3228	0.6592	1196.2667	2319	2304	2409	2236	103.8810	97.0486	6.8324	371	412	826	860	0.3014	0.6672	-14.1890	0.0214	-0.0080
597	Balkman, Renaldo	NYK	113.5000	224	228	230	229	102.6786	100.4386	2.2400	37	40	78	78	0.3217	0.6610	1336.5000	2613	2617	2621	2590	100.3062	98.9683	1.3379	460	438	916	951	0.3260	0.6765	0.9021	-0.0043	-0.0155
599	Redick, J.J.	ORL	777.4833	1449	1447	1477	1462	101.9324	101.0366	0.8957	283	234	555	556	0.3373	0.7034	725.3000	1351	1352	1424	1363	105.4034	100.8136	4.5898	257	225	528	490	0.3440	0.7012	-3.6941	-0.0067	0.0022
607	Aldridge, LaMarcus	POR	1048.7667	2023	2007	2136	1954	105.5858	97.3592	8.2265	325	348	726	738	0.3057	0.6760	459.2333	900	896	885	933	98.3333	104.1295	-5.7961	148	171	307	336	0.3058	0.6423	14.0226	-0.0001	0.0337
612	Bargnani, Andrea	TOR	469.3000	871	870	876	903	100.5741	103.7931	-3.2191	124	183	333	328	0.2743	0.6453	841.7000	1587	1589	1526	1649	96.1563	103.7760	-7.6197	275	284	546	595	0.3161	0.6578	4.4006	-0.0418	-0.0125
614	Parker, Anthony	CLE	393.7833	768	770	797	820	103.7760	106.4935	-2.7175	150	126	266	280	0.3488	0.6786	912.2167	1723	1734	1735	1817	100.6965	104.7866	-4.0902	380	303	620	625	0.3781	0.6717	1.3727	-0.0293	0.0069
617	Brewer, Ronnie	CHI	823.0333	1554	1577	1637	1512	105.3411	95.8782	9.4628	306	292	613	537	0.3630	0.6773	664.9667	1246	1225	1352	1212	108.5072	98.9388	9.5684	275	220	474	428	0.3912	0.6830	-0.1056	-0.0282	-0.0057
622	Mason, Roger	WAS	150.1167	297	291	278	296	93.6027	101.7182	-8.1155	56	63	104	122	0.3146	0.6228	1294.8833	2531	2518	2470	2706	97.5899	107.4662	-9.8764	458	496	850	932	0.3295	0.6315	1.7609	-0.0149	-0.0087
629	Millsap, Paul	UTA	863.3833	1638	1643	1747	1729	106.6545	105.2343	1.4201	308	283	565	594	0.3415	0.6663	495.6167	952	951	938	995	98.5294	104.6267	-6.0973	192	179	347	320	0.3750	0.6597	7.5174	-0.0335	0.0066
640	Kleiza, Linas	TOR	323.8667	610	605	615	600	100.8197	99.1736	1.6461	97	137	219	213	0.3129	0.6152	987.1333	1848	1854	1787	1952	96.6991	105.2859	-8.5867	302	330	660	710	0.2984	0.6667	10.2328	0.0145	-0.0515
653	Amundson, Louis	IND	230.0500	445	443	439	445	98.6517	100.4515	-1.7998	105	79	140	159	0.3977	0.6393	1166.6167	2217	2222	2276	2239	102.6613	100.7651	1.8962	396	437	833	823	0.3249	0.6559	-3.6960	0.0728	-0.0166
660	Mahinmi, Ian	DAL	521.1333	993	982	1000	955	100.7049	97.2505	3.4544	167	161	369	383	0.3036	0.6962	933.8667	1794	1802	1838	1773	102.4526	98.3907	4.0619	289	335	696	668	0.3020	0.6751	-0.6075	0.0016	0.0211
662	McRoberts, Josh	LAL	281.9167	522	520	516	531	98.8506	102.1154	-3.2648	100	109	198	184	0.3521	0.6450	1168.0833	2207	2204	2277	2191	103.1717	99.4102	3.7616	393	399	907	774	0.3368	0.6945	-7.0264	0.0153	-0.0495
667	Landry, Carl	NOH	558.5833	1025	1022	1034	1097	100.8780	107.3386	-6.4605	186	139	364	362	0.3394	0.7237	838.4167	1553	1554	1513	1583	97.4243	101.8662	-4.4418	275	294	563	562	0.3286	0.6569	-2.0187	0.0108	0.0668
671	Wright, Brandan	DAL	239.4500	472	469	475	439	100.6356	93.6034	7.0322	76	98	192	174	0.3040	0.6621	1215.5500	2315	2315	2363	2289	102.0734	98.8769	3.1965	380	398	873	877	0.3023	0.6869	3.8357	0.0017	-0.0248
673	Belinelli, Marco	NOH	887.5500	1632	1644	1627	1752	99.6936	106.5693	-6.8757	294	290	578	593	0.3315	0.6659	509.4500	946	932	920	928	97.2516	99.5708	-2.3192	167	143	349	331	0.3353	0.7093	-4.5565	-0.0038	-0.0434
674	Scola, Luis	HOU	931.0833	1806	1801	1860	1834	102.9900	101.8323	1.1577	310	331	642	639	0.3267	0.6598	571.9167	1105	1104	1165	1162	105.4299	105.2536	0.1762	210	178	380	378	0.3571	0.6810	0.9815	-0.0304	-0.0212
675	Davis, Glen	ORL	614.5000	1120	1145	1083	1185	96.6964	103.4934	-6.7970	208	176	437	448	0.3171	0.7129	888.2833	1680	1654	1818	1640	108.2143	99.1536	9.0607	332	283	646	598	0.3570	0.6954	-15.8577	-0.0399	0.0175
678	Williams, Sean	DAL	17.3167	37	37	35	31	94.5946	83.7838	10.8108	7	7	12	14	0.3333	0.6316	1437.6833	2750	2747	2803	2697	101.9273	98.1798	3.7474	449	489	1053	1037	0.3022	0.6829	7.0634	0.0311	-0.0513
681	Young, Thaddeus	PHI	826.8667	1544	1558	1706	1537	110.4922	98.6521	11.8401	260	270	594	586	0.3073	0.6875	618.1333	1160	1154	1147	1068	98.8793	92.5477	6.3317	178	218	469	475	0.2726	0.6827	5.5084	0.0347	0.0048
685	Gray, Aaron	TOR	208.7167	391	394	364	419	93.0946	106.3452	-13.2505	69	62	134	161	0.3000	0.6837	1102.2833	2067	2065	2038	2133	98.5970	103.2930	-4.6960	330	405	745	762	0.3022	0.6478	-8.5545	-0.0022	0.0359
686	Noah, Joakim	CHI	881.6333	1673	1671	1812	1686	108.3084	100.8977	7.4108	314	296	643	568	0.3560	0.6848	606.3667	1127	1131	1177	1038	104.4366	91.7772	12.6594	267	216	444	397	0.4021	0.6727	-5.2486	-0.0461	0.0121
689	Afflalo, Arron	DEN	802.2167	1591	1592	1619	1683	101.7599	105.7161	-3.9562	247	257	568	582	0.2979	0.6885	657.7833	1322	1320	1463	1305	110.6657	98.8636	11.8020	234	203	478	425	0.3551	0.7019	-15.7582	-0.0572	-0.0134
691	Stuckey, Rodney	DET	727.3500	1343	1335	1378	1438	102.6061	107.7154	-5.1093	265	220	448	470	0.3605	0.6707	669.6500	1254	1259	1153	1349	91.9458	107.1485	-15.2028	222	185	420	468	0.3217	0.6942	10.0935	0.0388	-0.0235
693	Jianlian, Yi	DAL	94.6333	190	190	186	195	97.8947	102.6316	-4.7368	36	41	73	66	0.3529	0.6404	1360.3667	2597	2594	2652	2533	102.1178	97.6484	4.4694	420	455	992	985	0.2989	0.6856	-9.2062	0.0540	-0.0452
694	Sessions, Ramon	CLE	685.6500	1289	1308	1285	1334	99.6897	101.9878	-2.2981	289	240	472	466	0.3828	0.6629	620.3500	1202	1196	1247	1303	103.7438	108.9465	-5.2027	241	189	414	439	0.3544	0.6866	2.9046	0.0284	-0.0237
695	Horford, Al	ATL	305.6333	568	564	612	568	107.7465	100.7092	7.0373	111	95	201	215	0.3405	0.6791	1020.3667	1919	1929	1941	1934	101.1464	100.2592	0.8872	312	317	729	729	0.2997	0.6969	6.1501	0.0408	-0.0178
699	Dudley, Jared	PHX	876.2000	1702	1700	1770	1800	103.9953	105.8824	-1.8871	249	296	625	608	0.2905	0.6786	563.8000	1072	1082	1050	1124	97.9478	103.8817	-5.9339	183	183	368	420	0.3035	0.6679	4.0468	-0.0130	0.0107
700	Anthony, Joel	MIA	652.3667	1252	1271	1427	1260	113.9776	99.1345	14.8431	186	212	471	393	0.3212	0.6896	812.6333	1588	1577	1687	1585	106.2343	100.5073	5.7270	264	300	590	535	0.3304	0.6629	9.1161	-0.0092	0.0267
701	Cook, Daequan	OKC	544.1167	1046	1062	1113	1080	106.4054	101.6949	4.7104	153	188	405	380	0.2871	0.6830	852.8833	1683	1677	1850	1718	109.9228	102.4448	7.4779	285	321	622	503	0.3617	0.6596	-2.7675	-0.0746	0.0234
702	Gortat, Marcin	PHX	988.3000	1925	1928	1977	2001	102.7013	103.7863	-1.0850	270	312	704	712	0.2749	0.6929	451.7000	849	854	843	923	99.2933	108.0796	-8.7863	162	167	289	316	0.3389	0.6338	7.7013	-0.0640	0.0591
703	McGuire, Dominic	GSW	274.4167	533	544	525	566	98.4991	104.0441	-5.5451	84	110	182	192	0.3043	0.6233	1079.5833	2101	2092	2241	2254	106.6635	107.7438	-1.0803	330	416	703	764	0.3016	0.6282	-4.4648	0.0027	-0.0049
705	Young, Nick	WAS	934.5500	1852	1817	1819	1939	98.2181	106.7144	-8.4962	348	374	622	674	0.3405	0.6245	510.4500	976	992	929	1063	95.1844	107.1573	-11.9728	166	185	332	380	0.3040	0.6422	3.4766	0.0365	-0.0177
707	Conley, Mike	MEM	1065.8833	2021	2010	2144	2014	106.0861	100.1990	5.8871	373	358	690	699	0.3479	0.6584	475.1167	928	939	851	947	91.7026	100.8520	-9.1494	207	162	336	332	0.3840	0.6747	15.0365	-0.0361	-0.0163
712	Brewer, Corey	DEN	440.2167	903	924	944	939	104.5404	101.6234	2.9170	183	147	314	294	0.3836	0.6811	1019.7833	2010	1988	2138	2049	106.3682	103.0684	3.2997	298	313	732	713	0.2948	0.7005	-0.3827	0.0888	-0.0194
714	Durant, Kevin	OKC	1081.1500	2138	2136	2321	2201	108.5594	103.0431	5.5163	355	397	806	681	0.3427	0.6700	315.8500	591	603	642	597	108.6294	99.0050	9.6245	83	112	221	202	0.2912	0.6637	-4.1082	0.0515	0.0063
719	Hawes, Spencer	PHI	386.8000	748	747	782	690	104.5455	92.3695	12.1760	109	163	280	286	0.2759	0.6321	1058.2000	1956	1965	2071	1915	105.8793	97.4555	8.4239	329	325	783	775	0.2980	0.7067	3.7521	-0.0221	-0.0746
722	Smith, Jason	NOH	431.6667	799	801	779	821	97.4969	102.4969	-5.0000	125	152	300	298	0.2955	0.6637	965.3333	1779	1775	1768	1859	99.3817	104.7324	-5.3507	336	281	627	626	0.3493	0.6905	0.3507	-0.0538	-0.0268
726	Watson, C.J.	CHI	468.4333	891	889	936	897	105.0505	100.8999	4.1506	190	178	319	326	0.3682	0.6419	1019.5667	1909	1913	2053	1827	107.5432	95.5044	12.0388	391	334	768	639	0.3796	0.6969	-7.8882	-0.0114	-0.0550
734	Fernandez, Rudy	DEN	620.8667	1234	1230	1326	1253	107.4554	101.8699	5.5855	193	201	421	412	0.3190	0.6768	839.1333	1679	1682	1756	1735	104.5861	103.1510	1.4351	288	259	625	595	0.3262	0.7070	4.1504	-0.0072	-0.0302
735	Bayless, Jerryd	TOR	197.6000	375	381	393	403	104.8000	105.7743	-0.9743	67	70	127	127	0.3454	0.6447	1113.4000	2083	2078	2009	2149	96.4474	103.4167	-6.9693	332	397	752	796	0.2943	0.6545	5.9950	0.0511	-0.0098
736	Batum, Nicolas	POR	794.0500	1553	1544	1611	1606	103.7347	104.0155	-0.2808	261	290	510	567	0.3152	0.6375	713.9500	1370	1359	1410	1281	102.9197	94.2605	8.6592	212	229	523	507	0.2949	0.6955	-8.9400	0.0203	-0.0580
739	Greene, Donte	SAC	315.5833	621	631	618	655	99.5169	103.8035	-4.2866	112	131	226	241	0.3173	0.6331	1129.4167	2207	2203	2175	2394	98.5501	108.6700	-10.1199	466	379	733	834	0.3585	0.6592	5.8333	-0.0412	-0.0261
741	Thompson, Jason	SAC	696.0333	1367	1365	1324	1453	96.8544	106.4469	-9.5925	289	228	467	526	0.3546	0.6719	748.9667	1461	1469	1469	1596	100.5476	108.6453	-8.0978	289	282	492	549	0.3449	0.6357	-1.4947	0.0097	0.0362
746	Randolph, Anthony	MIN	218.7833	431	436	426	441	98.8399	101.1468	-2.3069	75	83	156	163	0.3151	0.6527	1221.2167	2398	2396	2464	2413	102.7523	100.7095	2.0428	450	408	895	843	0.3480	0.6869	-4.3497	-0.0329	-0.0342
748	Koufos, Kosta	DEN	359.0000	706	702	744	754	105.3824	107.4074	-2.0250	128	111	239	230	0.3575	0.6829	1101.0000	2207	2210	2338	2234	105.9357	101.0860	4.8497	353	349	807	777	0.3124	0.6981	-6.8747	0.0451	-0.0152
752	Walker, Bill	NYK	595.3000	1171	1188	1146	1153	97.8651	97.0539	0.8112	176	182	410	450	0.2812	0.6926	854.7000	1666	1657	1705	1666	102.3409	100.5432	1.7978	321	296	584	579	0.3567	0.6636	-0.9866	-0.0755	0.0290
754	Augustin, D.J.	CHA	603.2000	1180	1175	1170	1273	99.1525	108.3404	-9.1879	201	213	431	432	0.3175	0.6693	793.8000	1486	1488	1350	1646	90.8479	110.6183	-19.7704	263	262	513	598	0.3055	0.6619	10.5825	0.0120	0.0074
755	Rose, Derrick	CHI	769.9833	1460	1449	1583	1418	108.4247	97.8606	10.5641	286	265	581	487	0.3700	0.6868	718.0167	1340	1353	1406	1306	104.9254	96.5262	8.3991	295	247	506	478	0.3816	0.6720	2.1650	-0.0116	0.0148
756	Hickson, J.J.	SAC	589.8833	1146	1140	1112	1247	97.0332	109.3860	-12.3528	193	224	387	446	0.3020	0.6334	855.1167	1682	1694	1681	1802	99.9405	106.3754	-6.4349	385	286	572	629	0.3797	0.6667	-5.9179	-0.0777	-0.0333
762	Hibbert, Roy	IND	877.1500	1681	1683	1731	1714	102.9744	101.8419	1.1325	277	330	636	622	0.3081	0.6584	519.5167	981	982	984	970	100.3058	98.7780	1.5278	224	186	337	360	0.3836	0.6444	-0.3953	-0.0755	0.0140
763	Rush, Brandon	GSW	684.0500	1334	1332	1451	1419	108.7706	106.5315	2.2391	201	282	441	473	0.2982	0.6100	669.9500	1300	1304	1315	1401	101.1538	107.4387	-6.2848	213	244	444	483	0.3060	0.6453	8.5239	-0.0078	-0.0353
764	Gordon, Eric	NOH	78.3667	147	144	153	144	104.0816	100.0000	4.0816	28	26	53	53	0.3457	0.6709	1318.6333	2431	2432	2394	2536	98.4780	104.2763	-5.7983	433	407	874	871	0.3321	0.6823	9.8799	0.0136	-0.0114
765	Jordan, DeAndre	LAC	844.8833	1580	1583	1738	1603	110.0000	101.2634	8.7366	307	300	611	567	0.3513	0.6707	562.1167	1058	1054	1097	1151	103.6862	109.2030	-5.5168	241	187	352	371	0.3938	0.6531	14.2534	-0.0425	0.0176
769	Gasol, Marc	MEM	1213.6500	2318	2307	2407	2274	103.8395	98.5696	5.2699	441	422	810	795	0.3568	0.6575	327.3500	631	642	588	687	93.1854	107.0093	-13.8239	139	98	216	236	0.3707	0.6879	19.0938	-0.0139	-0.0304
770	Haddadi, Hamed	MEM	76.0833	152	151	145	135	95.3947	89.4040	5.9908	30	30	62	54	0.3571	0.6739	1464.9167	2797	2798	2850	2826	101.8949	101.0007	0.8942	550	490	964	977	0.3602	0.6630	5.0966	-0.0031	0.0109
771	Mayo, O.J.	MEM	829.1333	1609	1596	1621	1636	100.7458	102.5063	-1.7605	326	295	554	572	0.3630	0.6525	711.8667	1340	1353	1374	1325	102.5373	97.9305	4.6068	254	225	472	459	0.3562	0.6772	-6.3673	0.0068	-0.0247
772	Beasley, Michael	MIN	518.6667	1027	1023	1031	1011	100.3895	98.8270	1.5625	192	163	397	379	0.3363	0.7089	921.3333	1802	1809	1859	1843	103.1632	101.8795	1.2837	333	328	654	627	0.3469	0.6660	0.2788	-0.0106	0.0429
773	Chalmers, Mario	MIA	817.5833	1601	1587	1777	1550	110.9931	97.6686	13.3246	241	248	607	524	0.3150	0.7099	647.4167	1239	1261	1337	1295	107.9096	102.6963	5.2133	209	264	454	404	0.3409	0.6323	8.1113	-0.0259	0.0776
777	Mbah a Moute, Luc	MIL	377.8833	723	728	713	741	98.6169	101.7857	-3.1688	117	140	270	277	0.2970	0.6585	1019.1167	1983	1965	2029	2066	102.3197	105.1399	-2.8202	366	368	656	737	0.3318	0.6406	-0.3486	-0.0348	0.0179
778	Love, Kevin	MIN	1110.8667	2187	2184	2285	2224	104.4810	101.8315	2.6495	423	345	814	760	0.3576	0.7023	329.1333	642	648	605	630	94.2368	97.2222	-2.9855	102	146	237	246	0.2931	0.6188	5.6350	0.0645	0.0835
779	Anderson, Ryan	ORL	939.2833	1766	1743	1957	1741	110.8154	99.8853	10.9301	371	290	660	634	0.3692	0.6947	563.5000	1034	1056	944	1084	91.2959	102.6515	-11.3556	169	169	423	412	0.2909	0.7145	22.2857	0.0783	-0.0198
784	Gallinari, Danilo	DEN	791.7500	1571	1565	1684	1582	107.1929	101.0863	6.1066	245	233	598	549	0.3086	0.7196	668.2500	1342	1347	1398	1406	104.1729	104.3801	-0.2072	236	227	448	458	0.3401	0.6637	6.3138	-0.0315	0.0559
786	Westbrook, Russell	OKC	1000.8167	1985	1970	2158	2019	108.7154	102.4873	6.2281	335	352	740	623	0.3497	0.6777	396.1833	744	769	805	779	108.1989	101.3004	6.8985	103	157	287	260	0.2837	0.6464	-0.6704	0.0660	0.0313
787	White, D.J.	CHA	472.1000	917	909	864	976	94.2203	107.3707	-13.1505	150	146	305	348	0.3012	0.6763	924.9000	1749	1754	1656	1943	94.6827	110.7754	-16.0927	314	329	639	682	0.3153	0.6601	2.9422	-0.0141	0.0162
788	Lee, Courtney	HOU	583.2833	1115	1118	1166	1144	104.5740	102.3256	2.2484	194	191	374	391	0.3316	0.6619	919.7167	1796	1787	1859	1852	103.5078	103.6374	-0.1296	326	318	648	626	0.3424	0.6708	2.3780	-0.0108	-0.0089
789	Speights, Marreese	MEM	593.8167	1107	1114	1139	1149	102.8907	103.1418	-0.2511	215	177	376	389	0.3560	0.6799	947.1833	1842	1835	1856	1812	100.7600	98.7466	2.0134	365	343	650	642	0.3625	0.6546	-2.2645	-0.0065	0.0253
790	Dragic, Goran	HOU	615.7833	1171	1170	1217	1224	103.9283	104.6154	-0.6871	207	212	392	420	0.3301	0.6490	887.2167	1740	1735	1808	1772	103.9080	102.1326	1.7755	313	297	630	597	0.3440	0.6796	-2.4626	-0.0139	-0.0306
791	Lopez, Robin	PHX	343.4500	642	643	637	674	99.2212	104.8212	-5.6000	136	122	225	239	0.3627	0.6484	1096.5500	2132	2139	2183	2250	102.3921	105.1893	-2.7972	296	357	768	789	0.2728	0.6827	-2.8028	0.0899	-0.0343
793	Hill, George	IND	444.3333	826	845	795	836	96.2470	98.9349	-2.6879	179	186	293	309	0.3668	0.6117	952.3333	1836	1820	1920	1848	104.5752	101.5385	3.0367	322	330	680	673	0.3236	0.6733	-5.7246	0.0432	-0.0616
794	Tolliver, Anthony	MIN	423.2667	821	828	873	821	106.3337	99.1546	7.1792	146	172	312	283	0.3403	0.6446	1016.7333	2008	2004	2017	2033	100.4482	101.4471	-0.9989	379	319	739	723	0.3439	0.6985	8.1781	-0.0036	-0.0539
798	McGee, JaVale	WAS	869.8500	1693	1686	1594	1845	94.1524	109.4306	-15.2782	314	360	565	661	0.3221	0.6108	575.1500	1135	1123	1154	1157	101.6740	103.0276	-1.3536	200	199	389	393	0.3373	0.6616	-13.9246	-0.0152	-0.0508
800	Morrow, Anthony	NJN	327.9333	613	597	625	670	101.9576	112.2278	-10.2702	105	119	216	213	0.3302	0.6448	344.0667	608	618	647	686	106.4145	111.0032	-4.5888	142	144	215	225	0.3869	0.5989	-5.6814	-0.0567	0.0459
803	Johnson, Trey	NOH	61.3167	115	112	106	110	92.1739	98.2143	-6.0404	23	15	47	38	0.3770	0.7581	1335.6833	2463	2464	2441	2570	99.1068	104.3019	-5.1952	438	418	880	886	0.3308	0.6780	-0.8452	0.0462	0.0801
806	Teague, Jeff	ATL	867.2500	1620	1619	1687	1634	104.1358	100.9265	3.2093	285	259	601	628	0.3122	0.6988	458.7500	867	874	866	868	99.8847	99.3135	0.5712	138	153	329	316	0.3040	0.6826	2.6381	0.0082	0.0162
808	Brown, Derrick	CHA	575.0833	1079	1075	1011	1209	93.6979	112.4651	-18.7672	199	207	348	412	0.3257	0.6270	821.9167	1587	1588	1509	1710	95.0851	107.6826	-12.5976	265	268	596	618	0.3001	0.6898	-6.1696	0.0256	-0.0628
809	Henderson, Gerald	CHA	674.7833	1315	1313	1243	1439	94.5247	109.5963	-15.0716	207	210	475	505	0.2907	0.6934	722.2167	1351	1350	1277	1480	94.5226	109.6296	-15.1071	257	265	469	525	0.3286	0.6390	0.0355	-0.0379	0.0544
811	Gibson, Taj	CHI	550.9833	1021	1039	1088	930	106.5622	89.5091	17.0531	242	211	409	353	0.4067	0.6597	937.0167	1779	1763	1901	1794	106.8578	101.7584	5.0994	339	301	678	612	0.3565	0.6925	11.9537	0.0502	-0.0328
812	Johnson, James	TOR	645.7500	1226	1231	1207	1257	98.4502	102.1121	-3.6619	199	222	433	453	0.3052	0.6611	665.2500	1232	1228	1195	1295	96.9968	105.4560	-8.4593	200	245	446	470	0.2985	0.6454	4.7974	0.0067	0.0157
813	Green, Danny	SAS	681.2833	1306	1301	1420	1303	108.7289	100.1537	8.5752	215	207	499	478	0.3102	0.7068	778.5000	1475	1478	1536	1520	104.1356	102.8417	1.2939	248	229	536	545	0.3127	0.7007	7.2813	-0.0025	0.0061
814	Beaubois, Rodrigue	DAL	413.0500	809	809	829	785	102.4722	97.0334	5.4388	132	156	313	295	0.3091	0.6674	1041.9500	1978	1975	2009	1943	101.5672	98.3797	3.1875	324	340	752	756	0.3000	0.6886	2.2513	0.0091	-0.0212
816	Lawson, Ty	DEN	956.7833	1924	1911	2022	1949	105.0936	101.9885	3.1051	302	283	683	696	0.3026	0.7070	503.2167	989	1001	1060	1039	107.1790	103.7962	3.3828	179	177	363	311	0.3653	0.6722	-0.2777	-0.0627	0.0348
818	Daye, Austin	DET	354.1000	677	675	607	687	89.6603	101.7778	-12.1175	125	94	244	253	0.3307	0.7219	1042.9000	1920	1919	1924	2100	100.2083	109.4320	-9.2237	362	311	624	685	0.3457	0.6674	-2.8938	-0.0150	0.0545
819	Jerebko, Jonas	DET	707.6167	1313	1323	1280	1452	97.4867	109.7506	-12.2639	236	194	439	461	0.3386	0.6935	689.3833	1284	1271	1251	1335	97.4299	105.0354	-7.6055	251	211	429	477	0.3448	0.6703	-4.6584	-0.0062	0.0232
820	Summers, DaJuan	NOH	195.4667	367	369	361	397	98.3651	107.5881	-9.2230	64	65	119	131	0.3282	0.6467	1201.5333	2211	2207	2186	2283	98.8693	103.4436	-4.5743	397	368	808	793	0.3336	0.6871	-4.6487	-0.0054	-0.0404
821	Curry, Stephen	GSW	629.4333	1240	1231	1325	1309	106.8548	106.3363	0.5185	183	251	415	455	0.2868	0.6231	724.5667	1394	1405	1441	1511	103.3716	107.5445	-4.1729	231	275	470	501	0.3156	0.6309	4.6914	-0.0288	-0.0078
823	Budinger, Chase	HOU	554.6667	1079	1072	1146	1081	106.2095	100.8396	5.3699	184	165	390	374	0.3297	0.7027	948.3333	1832	1833	1879	1915	102.5655	104.4735	-1.9080	336	344	632	643	0.3432	0.6475	7.2779	-0.0135	0.0552
825	Hansbrough, Tyler	IND	661.0167	1230	1235	1218	1261	99.0244	102.1053	-3.0809	257	242	420	462	0.3574	0.6344	735.6500	1432	1430	1497	1423	104.5391	99.5105	5.0286	244	274	553	520	0.3194	0.6687	-8.1095	0.0380	-0.0343
826	Price, A.J.	IND	212.8833	408	403	397	367	97.3039	91.0670	6.2369	81	68	140	162	0.3333	0.6731	1183.7833	2254	2262	2318	2317	102.8394	102.4315	0.4079	420	448	833	820	0.3387	0.6503	5.8290	-0.0054	0.0228
827	Griffin, Blake	LAC	1074.8667	1998	2002	2209	2042	110.5606	101.9980	8.5626	415	376	757	710	0.3689	0.6681	332.1333	640	635	626	712	97.8125	112.1260	-14.3135	133	111	206	228	0.3684	0.6498	22.8761	0.0005	0.0183
831	Carroll, DeMarre	DEN	20.5667	45	47	41	46	91.1111	97.8723	-6.7612	4	7	18	9	0.3077	0.7200	1439.4333	2868	2865	3041	2942	106.0321	102.6876	3.3445	477	453	1028	998	0.3234	0.6941	-10.1057	-0.0157	0.0259
833	Thabeet, Hasheem	HOU	19.6667	39	40	30	45	76.9231	112.5000	-35.5769	10	10	16	11	0.4762	0.6154	1483.3333	2872	2865	2995	2951	104.2827	103.0017	1.2810	510	499	1006	1006	0.3364	0.6684	-36.8579	0.1398	-0.0530
834	Young, Sam	MEM	206.9833	411	412	371	402	90.2676	97.5728	-7.3052	73	72	157	156	0.3188	0.6856	1334.0167	2538	2537	2624	2559	103.3885	100.8672	2.5213	507	448	869	875	0.3669	0.6598	-9.8265	-0.0481	0.0258
835	Ilyasova, Ersan	MIL	698.3667	1359	1345	1408	1434	103.6056	106.6171	-3.0115	279	277	460	504	0.3563	0.6242	698.6333	1347	1348	1334	1373	99.0349	101.8546	-2.8197	204	231	466	510	0.2857	0.6686	-0.1918	0.0706	-0.0444
836	Jennings, Brandon	MIL	1025.8500	1998	1985	2019	2115	101.0511	106.5491	-5.4981	351	378	673	755	0.3174	0.6403	371.1500	708	708	723	692	102.1186	97.7401	4.3785	132	130	253	259	0.3376	0.6606	-9.8766	-0.0202	-0.0203
837	Meeks, Jodie	PHI	766.5833	1455	1449	1507	1395	103.5739	96.2733	7.3006	209	271	571	583	0.2639	0.6781	678.4167	1249	1263	1346	1210	107.7662	95.8036	11.9626	229	217	492	478	0.3239	0.6939	-4.6620	-0.0600	-0.0158
838	Ellington, Wayne	MIN	444.6667	859	855	893	868	103.9581	101.5205	2.4376	159	160	310	302	0.3449	0.6596	995.3333	1970	1977	1997	1986	101.3706	100.4552	0.9153	366	331	741	704	0.3421	0.6912	1.5223	0.0028	-0.0316
839	Flynn, Jonny	HOU	80.5833	153	155	156	188	101.9608	121.2903	-19.3295	33	36	55	51	0.3929	0.6044	1422.4167	2758	2750	2869	2808	104.0247	102.1091	1.9156	487	473	967	966	0.3352	0.6715	-21.2451	0.0577	-0.0671
840	Williams, Terrence	HOU	148.4500	282	280	282	314	100.0000	112.1429	-12.1429	50	56	98	105	0.3226	0.6364	1354.5500	2629	2625	2743	2682	104.3362	102.1714	2.1648	470	453	924	912	0.3401	0.6710	-14.3077	-0.0175	-0.0346
841	Collison, Darren	IND	984.3000	1879	1881	1988	1932	105.8010	102.7113	3.0896	333	360	700	686	0.3268	0.6604	412.3667	783	784	727	752	92.8480	95.9184	-3.0703	168	156	273	296	0.3621	0.6364	6.1599	-0.0353	0.0240
842	Thornton, Marcus	SAC	813.7000	1589	1589	1589	1691	100.0000	106.4191	-6.4191	373	269	539	585	0.3894	0.6671	631.3000	1239	1245	1204	1358	97.1751	109.0763	-11.9012	205	241	420	490	0.2950	0.6354	5.4821	0.0944	0.0317
843	Douglas, Toney	NYK	526.7667	1026	1031	1008	1036	98.2456	100.4850	-2.2394	162	189	357	397	0.2898	0.6538	923.2333	1811	1814	1843	1783	101.7670	98.2911	3.4759	335	289	637	632	0.3464	0.6879	-5.7153	-0.0566	-0.0341
844	Hill, Jordan	HOU	437.8000	843	842	879	900	104.2705	106.8884	-2.6179	128	120	303	296	0.3019	0.7163	1065.2000	2068	2063	2146	2096	103.7718	101.5996	2.1721	392	389	719	721	0.3522	0.6489	-4.7900	-0.0503	0.0674
846	Harden, James	OKC	913.3167	1766	1771	2055	1875	116.3647	105.8724	10.4923	305	339	644	555	0.3547	0.6551	483.6833	963	968	908	923	94.2887	95.3512	-1.0626	133	170	383	328	0.2885	0.6926	11.5549	0.0662	-0.0375
847	Ibaka, Serge	OKC	783.3833	1530	1532	1624	1547	106.1438	100.9791	5.1647	246	275	597	480	0.3388	0.6846	613.6167	1199	1207	1339	1251	111.6764	103.6454	8.0310	192	234	430	403	0.3227	0.6476	-2.8663	0.0161	0.0370
848	Mullens, Byron	CHA	622.4500	1194	1200	1169	1325	97.9062	110.4167	-12.5105	207	235	411	448	0.3160	0.6362	774.5500	1472	1463	1351	1594	91.7799	108.9542	-17.1743	257	240	533	582	0.3063	0.6895	4.6638	0.0097	-0.0533
849	Holiday, Jrue	PHI	1042.8500	1939	1936	2047	1822	105.5699	94.1116	11.4583	321	333	764	766	0.2953	0.6964	402.1500	765	776	806	783	105.3595	100.9021	4.4574	117	155	299	295	0.2840	0.6586	7.0009	0.0113	0.0378
850	Clark, Earl	ORL	203.7667	383	390	323	397	84.3342	101.7949	-17.4607	56	68	149	164	0.2545	0.6866	1299.0167	2417	2409	2578	2428	106.6612	100.7887	5.8724	484	391	934	882	0.3543	0.7049	-23.3331	-0.0998	-0.0183
852	Cunningham, Dante	MEM	613.1667	1166	1171	1130	1160	96.9125	99.0606	-2.1481	231	204	408	427	0.3511	0.6667	927.8333	1783	1778	1865	1801	104.5990	101.2936	3.3054	349	316	618	604	0.3662	0.6617	-5.4535	-0.0151	0.0050
854	Pendergraph, Jeff	IND	21.1167	41	40	47	44	114.6341	110.0000	4.6341	11	7	11	12	0.4783	0.6111	1375.5500	2621	2625	2668	2640	101.7932	100.5714	1.2218	490	509	962	970	0.3356	0.6540	3.4123	0.1427	-0.0429
855	Brockman, Jon	MIL	116.9667	226	223	221	228	97.7876	102.2422	-4.4545	49	36	73	80	0.3798	0.6697	1280.0333	2480	2470	2521	2579	101.6532	104.4130	-2.7597	434	472	853	934	0.3173	0.6438	-1.6948	0.0625	0.0259
856	Casspi, Omri	CLE	617.3500	1195	1206	1220	1300	102.0921	107.7944	-5.7023	244	179	426	444	0.3547	0.7041	688.6500	1296	1298	1312	1337	101.2346	103.0046	-1.7701	286	250	460	461	0.3829	0.6479	-3.9322	-0.0282	0.0562
857	Evans, Tyreke	SAC	1099.0833	2160	2164	2155	2321	99.7685	107.2551	-7.4866	438	382	746	793	0.3558	0.6613	345.9167	668	670	638	728	95.5090	108.6567	-13.1477	140	128	213	282	0.3318	0.6246	5.6611	0.0240	0.0367
858	Blair, DeJuan	SAS	642.5333	1233	1243	1259	1289	102.1087	103.7007	-1.5920	208	204	438	460	0.3114	0.6822	817.2500	1548	1536	1697	1534	109.6253	99.8698	9.7555	255	232	597	563	0.3117	0.7201	-11.3475	-0.0003	-0.0379
860	Derozan, DeMar	TOR	931.5167	1735	1730	1733	1818	99.8847	105.0867	-5.2020	279	331	604	655	0.2987	0.6460	379.4833	723	729	669	734	92.5311	100.6859	-8.1548	120	136	275	268	0.3093	0.6691	2.9528	-0.0106	-0.0231
861	Matthews, Wes	POR	1023.2000	1979	1979	2038	1922	102.9813	97.1198	5.8615	317	342	713	735	0.3013	0.6758	484.8000	944	924	983	965	104.1314	104.4372	-0.3059	156	177	320	339	0.3152	0.6439	6.1674	-0.0139	0.0319
862	Maynor, Eric	OKC	136.6167	254	261	295	282	116.1417	108.0460	8.0958	36	48	105	93	0.2791	0.6863	1260.3833	2475	2478	2668	2516	107.7980	101.5335	6.2645	402	461	922	790	0.3372	0.6667	1.8313	-0.0581	0.0196
865	Gaines, Sundiata	NJN	200.8500	364	369	365	410	100.2747	111.1111	-10.8364	71	83	133	132	0.3498	0.6157	471.1500	857	846	907	946	105.8343	111.8203	-5.9860	176	180	298	306	0.3651	0.6234	-4.8504	-0.0153	-0.0077
869	Williams, Reggie	CHA	260.9500	486	484	448	572	92.1811	118.1818	-26.0007	68	82	174	204	0.2500	0.6797	1136.0500	2180	2179	2072	2347	95.0459	107.7100	-12.6641	396	393	770	826	0.3241	0.6621	-13.3366	-0.0741	0.0176
872	Gee, Alonzo	CLE	734.5667	1382	1385	1360	1430	98.4081	103.2491	-4.8410	287	252	496	505	0.3624	0.6631	571.4333	1109	1119	1172	1207	105.6808	107.8642	-2.1834	243	177	390	400	0.3779	0.6878	-2.6576	-0.0155	-0.0247
874	Crawford, Jordan	WAS	707.8667	1383	1384	1377	1547	99.5662	111.7775	-12.2113	246	271	456	513	0.3241	0.6272	737.1333	1445	1425	1371	1455	94.8789	102.1053	-7.2264	268	288	498	541	0.3313	0.6336	-4.9849	-0.0072	-0.0064
876	Bradley, Avery	BOS	414.0000	766	768	721	732	94.1253	95.3125	-1.1872	110	138	275	277	0.2842	0.6659	934.6667	1725	1726	1780	1729	103.1884	100.1738	3.0146	269	329	634	618	0.3033	0.6584	-4.2018	-0.0191	0.0075
877	Erden, Semih	CLE	182.9167	342	343	346	384	101.1696	111.9534	-10.7838	82	49	118	125	0.3961	0.7066	1123.0833	2149	2161	2186	2253	101.7217	104.2573	-2.5356	448	380	768	780	0.3648	0.6690	-8.2482	0.0313	0.0376
878	Harangody, Luke	CLE	95.2167	184	185	168	204	91.3043	110.2703	-18.9659	37	27	67	77	0.3246	0.7128	1210.7833	2307	2319	2364	2433	102.4707	104.9159	-2.4452	493	402	819	828	0.3732	0.6708	-16.5207	-0.0486	0.0420
880	Asik, Omer	CHI	479.6833	878	890	885	823	100.7973	92.4719	8.3254	209	160	352	314	0.3996	0.6875	1008.3167	1922	1912	2104	1901	109.4693	99.4247	10.0446	372	352	735	651	0.3636	0.6762	-1.7192	0.0360	0.0113
881	Eyenga, Christian	CLE	83.2833	148	150	124	164	83.7838	109.3333	-25.5495	39	35	55	63	0.3824	0.6111	1222.7167	2343	2354	2408	2473	102.7742	105.0552	-2.2810	491	394	831	842	0.3683	0.6784	-23.2685	0.0141	-0.0673
883	Samuels, Samardo	CLE	237.3000	445	450	408	420	91.6854	93.3333	-1.6479	93	96	167	153	0.3780	0.6350	1068.7000	2046	2054	2124	2217	103.8123	107.9357	-4.1234	437	333	719	752	0.3675	0.6835	2.4755	0.0105	-0.0485
884	Jones, Dominique	DAL	112.6500	217	214	197	223	90.7834	104.2056	-13.4222	38	46	85	82	0.3167	0.6489	1342.3500	2570	2570	2641	2505	102.7626	97.4708	5.2918	418	450	980	969	0.3014	0.6853	-18.7140	0.0153	-0.0364
885	Forbes, Gary	TOR	149.6333	285	294	259	279	90.8772	94.8980	-4.0208	48	45	105	106	0.3117	0.7000	1161.3667	2173	2165	2143	2273	98.6194	104.9885	-6.3690	351	422	774	817	0.3005	0.6472	2.3482	0.0112	0.0528
886	Monroe, Greg	DET	941.6167	1744	1728	1736	1926	99.5413	111.4583	-11.9170	334	281	545	619	0.3505	0.6598	455.3833	853	866	795	861	93.2005	99.4226	-6.2222	153	124	323	319	0.3242	0.7226	-5.6948	0.0263	-0.0628
888	Adrien, Jeff	HOU	62.7500	129	125	109	123	84.4961	98.4000	-13.9039	24	32	55	52	0.3158	0.6322	1440.2500	2782	2780	2916	2873	104.8167	103.3453	1.4714	496	477	967	965	0.3395	0.6697	-15.3753	-0.0237	-0.0375
889	Lin, Jeremy	NYK	321.4167	635	633	675	602	106.2992	95.1027	11.1965	121	111	234	202	0.3746	0.6783	1128.5833	2202	2212	2176	2217	98.8193	100.2260	-1.4068	376	367	760	827	0.3126	0.6744	12.6033	0.0620	0.0039
890	Udoh, Ekpe	GSW	542.3667	1027	1019	1136	1025	110.6134	100.5888	10.0246	165	201	366	374	0.3061	0.6455	811.6333	1607	1617	1630	1795	101.4312	111.0080	-9.5768	249	325	519	582	0.2996	0.6149	19.6014	0.0065	0.0306
891	Patterson, Patrick	HOU	626.6833	1207	1208	1267	1259	104.9710	104.2219	0.7491	219	189	410	416	0.3449	0.6845	876.3167	1704	1697	1758	1737	103.1690	102.3571	0.8119	301	320	612	601	0.3337	0.6567	-0.0628	0.0112	0.0278
892	Smith, Ishmael	GSW	63.2667	125	125	121	117	96.8000	93.6000	3.2000	32	20	49	45	0.4156	0.7101	1290.7333	2509	2511	2645	2703	105.4205	107.6464	-2.2259	382	506	836	911	0.2954	0.6230	5.4259	0.1202	0.0871
892	Smith, Ishmael	ORL	14.6000	30	29	23	31	76.6667	106.8966	-30.2299	6	4	7	16	0.2727	0.6364	1488.1833	2770	2770	2878	2794	103.8989	100.8664	3.0325	534	455	1076	1030	0.3414	0.7028	-33.2624	-0.0687	-0.0664
893	Henry, Xavier	NOH	117.5000	222	213	221	215	99.5495	100.9390	-1.3894	46	36	76	71	0.3932	0.6786	1279.5000	2356	2363	2326	2465	98.7267	104.3165	-5.5899	415	397	851	853	0.3273	0.6819	4.2005	0.0659	-0.0033
894	Vasquez, Greivis	NOH	676.7333	1252	1250	1258	1278	100.4792	102.2400	-1.7608	226	199	451	437	0.3409	0.6938	720.2667	1326	1326	1289	1402	97.2097	105.7315	-8.5219	235	234	476	487	0.3255	0.6704	6.7611	0.0154	0.0234
895	Hayward, Lazar	OKC	70.9500	136	139	108	149	79.4118	107.1942	-27.7825	23	31	54	59	0.2805	0.6353	1326.0500	2593	2600	2855	2649	110.1041	101.8846	8.2195	415	478	973	824	0.3349	0.6706	-36.0020	-0.0544	-0.0353
896	Johnson, Wesley	MIN	636.0333	1242	1251	1252	1304	100.8052	104.2366	-3.4315	232	215	468	430	0.3505	0.6852	803.9667	1587	1581	1638	1550	103.2136	98.0392	5.1744	293	276	583	576	0.3372	0.6787	-8.6059	0.0133	0.0065
897	Pekovic, Nikola	MIN	490.7500	960	967	1029	967	107.1875	100.0000	7.1875	179	156	367	304	0.3706	0.7017	949.2500	1869	1865	1861	1887	99.5720	101.1796	-1.6077	346	335	684	702	0.3302	0.6712	8.7952	0.0404	0.0305
898	Cousins, DeMarcus	SAC	859.6833	1675	1687	1702	1809	101.6119	107.2318	-5.6198	378	274	585	610	0.3826	0.6810	585.3167	1153	1147	1091	1240	94.6227	108.1081	-13.4854	200	236	374	465	0.3008	0.6131	7.8656	0.0818	0.0679
900	Whiteside, Hassan	SAC	4.1500	9	9	13	6	144.4444	66.6667	77.7778	1	3	3	3	0.2500	0.5000	1440.8500	2819	2825	2780	3043	98.6165	107.7168	-9.1003	577	507	956	1072	0.3499	0.6535	86.8781	-0.0999	-0.1535
901	George, Paul	IND	904.6833	1741	1742	1777	1725	102.0678	99.0241	3.0437	304	327	675	654	0.3173	0.6737	491.9833	921	923	938	959	101.8458	103.9003	-2.0545	197	189	298	328	0.3752	0.6119	5.0982	-0.0579	0.0618
902	Stephenson, Lance	IND	278.5167	534	520	537	550	100.5618	105.7692	-5.2074	120	110	166	189	0.3883	0.6014	1118.1500	2128	2145	2178	2134	102.3496	99.4872	2.8624	381	406	807	793	0.3245	0.6653	-8.0698	0.0638	-0.0639
903	Aminu, Al-Farouq	NOH	559.6667	1029	1036	1024	1039	99.5141	100.2896	-0.7755	196	157	382	340	0.3657	0.7087	837.3333	1549	1540	1523	1641	98.3215	106.5584	-8.2369	265	276	545	584	0.3121	0.6638	7.4614	0.0536	0.0449
904	Bledsoe, Eric	LAC	25.6667	49	50	52	51	106.1224	102.0000	4.1224	3	11	21	21	0.1250	0.6563	1381.3333	2589	2587	2783	2703	107.4932	104.4840	3.0093	545	476	942	917	0.3728	0.6643	1.1131	-0.2478	-0.0080
907	Ebanks, Devin	LAL	150.4833	280	274	290	286	103.5714	104.3796	-0.8081	53	51	100	92	0.3655	0.6623	1299.5167	2449	2450	2503	2436	102.2050	99.4286	2.7764	440	457	1005	866	0.3369	0.6874	-3.5845	0.0286	-0.0251
908	Pittman, Dexter	MIA	93.7167	200	199	188	188	94.0000	94.4724	-0.4724	25	35	76	66	0.2747	0.6847	1371.2833	2640	2649	2926	2657	110.8333	100.3020	10.5313	425	477	985	862	0.3302	0.6737	-11.0037	-0.0555	0.0110
909	Hobson, Darington	MIL	38.8667	72	75	70	65	97.2222	86.6667	10.5556	16	11	27	24	0.4000	0.7105	1358.1333	2634	2618	2672	2742	101.4427	104.7364	-3.2938	467	497	899	990	0.3205	0.6440	13.8494	0.0795	0.0665
910	Sanders, Larry	MIL	258.3167	499	497	492	458	98.5972	92.1529	6.4443	101	104	175	184	0.3544	0.6272	1138.6833	2207	2196	2250	2349	101.9483	106.9672	-5.0189	382	404	751	830	0.3152	0.6502	11.4632	0.0392	-0.0230
911	Favors, Derrick	UTA	535.6333	1015	1017	1017	1051	100.1970	103.3432	-3.1461	206	174	375	349	0.3712	0.6831	823.3667	1575	1577	1668	1673	105.9048	106.0875	-0.1827	294	288	537	565	0.3423	0.6509	-2.9634	0.0289	0.0322
912	James, Damion	NJN	170.5000	309	314	293	321	94.8220	102.2293	-7.4073	74	63	121	116	0.3895	0.6576	501.5000	912	901	979	1035	107.3465	114.8724	-7.5259	173	200	310	322	0.3495	0.6078	0.1186	0.0400	0.0498
913	Uzoh, Ben	CLE	12.6167	21	22	23	23	109.5238	104.5455	4.9784	5	4	7	9	0.3571	0.6364	1293.3833	2470	2482	2509	2614	101.5789	105.3183	-3.7393	525	425	879	896	0.3695	0.6741	8.7177	-0.0124	-0.0377
914	Pondexter, Quincy	MEM	432.5500	823	835	821	807	99.7570	96.6467	3.1103	172	151	299	299	0.3652	0.6644	1108.4500	2126	2114	2174	2154	102.2578	101.8921	0.3656	408	369	727	732	0.3579	0.6633	2.7447	0.0073	0.0011
915	Fields, Landry	NYK	982.0167	1922	1923	2012	1880	104.6826	97.7639	6.9187	354	347	672	649	0.3529	0.6595	467.9833	915	922	839	939	91.6940	101.8438	-10.1498	143	131	322	380	0.2734	0.7108	17.0685	0.0795	-0.0513
916	Mozgov, Timofey	DEN	367.2000	734	735	776	751	105.7221	102.1769	3.5452	102	127	285	255	0.2857	0.6917	1092.8000	2179	2177	2306	2237	105.8284	102.7561	3.0723	379	333	761	752	0.3351	0.6956	0.4729	-0.0494	-0.0039
918	Aldrich, Cole	OKC	71.8167	142	144	132	158	92.9577	109.7222	-16.7645	28	31	48	54	0.3415	0.6076	1325.1833	2587	2595	2831	2640	109.4318	101.7341	7.6977	410	478	979	829	0.3309	0.6719	-24.4622	0.0106	-0.0643
919	Orton, Daniel	ORL	3.1500	6	5	7	9	116.6667	180.0000	-63.3333	1	1	1	1	0.5000	0.5000	1499.6333	2794	2794	2894	2816	103.5791	100.7874	2.7917	539	458	1082	1045	0.3403	0.7026	-66.1250	0.1597	-0.2026
920	Brackins, Craig	PHI	27.3833	51	52	41	58	80.3922	111.5385	-31.1463	13	14	22	18	0.4194	0.6111	1417.6167	2653	2660	2812	2547	105.9932	95.7519	10.2413	425	474	1041	1043	0.2895	0.6871	-41.3876	0.1299	-0.0760
921	Turner, Evan	PHI	700.0333	1310	1318	1405	1300	107.2519	98.6343	8.6176	217	216	511	501	0.3022	0.7029	744.9667	1394	1394	1448	1305	103.8737	93.6155	10.2582	221	272	552	560	0.2830	0.6699	-1.6406	0.0192	0.0330
925	Babbitt, Luke	POR	33.0833	69	71	56	72	81.1594	101.4085	-20.2490	8	14	27	31	0.2051	0.6585	1474.9167	2854	2832	2965	2815	103.8893	99.3997	4.4896	465	505	1006	1043	0.3084	0.6658	-24.7386	-0.1033	-0.0073
926	Johnson, Armon	POR	5.0667	10	11	7	9	70.0000	81.8182	-11.8182	1	3	4	2	0.3333	0.5714	1502.9333	2913	2892	3014	2878	103.4672	99.5159	3.9513	472	516	1029	1072	0.3057	0.6660	-15.7695	0.0276	-0.0946
927	Williams, Elliot	POR	84.7333	173	171	160	183	92.4855	107.0175	-14.5320	26	34	60	65	0.2857	0.6383	1423.2667	2750	2732	2861	2704	104.0364	98.9751	5.0613	447	485	973	1009	0.3070	0.6674	-19.5933	-0.0213	-0.0291
928	Anderson, James	SAS	246.1333	474	473	521	468	109.9156	98.9429	10.9727	68	76	179	161	0.2969	0.7020	1213.6500	2307	2306	2435	2355	105.5483	102.1249	3.4234	395	360	856	862	0.3142	0.7039	7.5493	-0.0173	-0.0019
929	Neal, Gary	SAS	549.8833	1039	1034	1136	1095	109.3359	105.8994	3.4365	164	157	379	378	0.3026	0.7071	909.9000	1742	1745	1820	1728	104.4776	99.0258	5.4518	299	279	656	645	0.3167	0.7016	-2.0153	-0.0141	0.0055
930	Splitter, Tiago	SAS	618.0167	1166	1174	1280	1188	109.7770	101.1925	8.5845	189	183	426	405	0.3182	0.6995	841.7667	1615	1605	1676	1635	103.7771	101.8692	1.9079	274	253	609	618	0.3072	0.7065	6.6766	0.0110	-0.0070
931	Alabi, Solomon	TOR	0.2333	0	1	0	0	NULL	0.0000	NULL	0	0	0	0	NULL	NULL	1310.7667	2458	2458	2402	2552	97.7217	103.8242	-6.1025	399	467	879	923	0.3018	0.6530	NULL	NULL	NULL
932	Davis, Ed	TOR	591.0000	1113	1114	1033	1189	92.8122	106.7325	-13.9203	191	188	382	422	0.3116	0.6702	720.0000	1345	1345	1369	1363	101.7844	101.3383	0.4461	208	279	497	501	0.2934	0.6405	-14.3664	0.0182	0.0297
933	Evans, Jeremy	UTA	83.3333	161	166	165	183	102.4845	110.2410	-7.7565	33	42	54	51	0.3929	0.5625	1275.6667	2429	2428	2520	2541	103.7464	104.6540	-0.9076	467	420	858	863	0.3511	0.6714	-6.8489	0.0418	-0.1089
934	Hayward, Gordon	UTA	792.7500	1522	1529	1592	1625	104.5992	106.2786	-1.6794	271	263	540	557	0.3273	0.6725	566.2500	1068	1065	1093	1099	102.3408	103.1925	-0.8517	229	199	372	357	0.3908	0.6515	-0.8277	-0.0635	0.0210
935	Booker, Trevor	WAS	655.5000	1267	1256	1287	1355	101.5785	107.8822	-6.3036	230	267	431	440	0.3433	0.6175	789.5000	1561	1553	1461	1647	93.5939	106.0528	-12.4590	284	292	523	614	0.3163	0.6417	6.1554	0.0270	-0.0242
936	N'Diaye, Hamady	WAS	1.8833	4	3	4	0	100.0000	0.0000	100.0000	2	0	0	2	0.5000	NULL	1443.1167	2824	2806	2744	3002	97.1671	106.9850	-9.8179	512	559	954	1052	0.3274	0.6305	109.8179	0.1726	NULL
937	Seraphin, Kevin	WAS	278.6167	535	540	528	531	98.6916	98.3333	0.3583	102	110	201	183	0.3579	0.6463	1166.3833	2293	2269	2220	2471	96.8164	108.9026	-12.0862	412	449	753	871	0.3211	0.6265	12.4445	0.0368	0.0198
938	Wall, John	WAS	1110.0167	2196	2172	2152	2367	97.9964	108.9779	-10.9815	396	434	733	819	0.3259	0.6281	334.9833	632	637	596	635	94.3038	99.6860	-5.3822	118	125	221	235	0.3343	0.6387	-5.5993	-0.0084	-0.0106
941	Johnson, Chris	POR	48.6000	104	104	91	131	87.5000	125.9615	-38.4615	12	31	28	44	0.2143	0.4746	1459.4000	2819	2799	2930	2756	103.9376	98.4637	5.4738	461	488	1005	1030	0.3092	0.6731	-43.9353	-0.0949	-0.1985
944	Sloan, Donald	ATL	19.9333	42	43	48	30	114.2857	69.7674	44.5183	6	8	20	13	0.3158	0.7143	1306.0667	2445	2450	2505	2472	102.4540	100.8980	1.5560	417	404	910	931	0.3093	0.6925	42.9623	0.0065	0.0218
944	Sloan, Donald	NOH	41.1333	73	74	77	75	105.4795	101.3514	4.1281	18	20	25	20	0.4737	0.5556	1355.8667	2505	2502	2470	2605	98.6028	104.1167	-5.5139	443	413	902	904	0.3289	0.6859	9.6420	0.1448	-0.1303
948	Johnson, Ivan	ATL	321.2167	611	617	603	612	98.6907	99.1896	-0.4990	104	108	212	220	0.3210	0.6625	1004.7833	1876	1876	1950	1890	103.9446	100.7463	3.1983	319	304	718	724	0.3058	0.7025	-3.6973	0.0152	-0.0400
949	Stiemsma, Greg	BOS	169.1000	312	322	279	345	89.4231	107.1429	-17.7198	44	73	104	131	0.2514	0.5876	1179.5667	2179	2172	2222	2116	101.9734	97.4217	4.5517	335	394	805	764	0.3048	0.6714	-22.2715	-0.0534	-0.0838
950	Moore, E'Twaun	BOS	183.0833	340	338	301	314	88.5294	92.8994	-4.3700	40	80	124	138	0.2247	0.6078	1165.5833	2151	2156	2200	2147	102.2780	99.5826	2.6954	339	387	785	757	0.3093	0.6698	-7.0654	-0.0846	-0.0620
951	Johnson, JaJuan	BOS	128.9000	242	240	226	241	93.3884	100.4167	-7.0282	32	62	86	93	0.2560	0.5811	1219.7667	2249	2254	2275	2220	101.1561	98.4916	2.6645	347	405	823	802	0.3020	0.6702	-9.6927	-0.0460	-0.0891
953	Walker, Kemba	CHA	846.6000	1615	1613	1495	1782	92.5697	110.4774	-17.9077	281	284	569	647	0.3028	0.6671	550.4000	1051	1050	1025	1137	97.5262	108.2857	-10.7595	183	191	375	383	0.3233	0.6625	-7.1482	-0.0205	0.0046
956	Butler, Jimmy	CHI	143.7833	268	275	281	276	104.8507	100.3636	4.4871	67	52	92	99	0.4036	0.6389	1344.2167	2532	2527	2708	2448	106.9510	96.8738	10.0773	514	460	995	866	0.3725	0.6838	-5.5902	0.0311	-0.0449
957	Irving, Kyrie	CLE	722.4000	1398	1402	1482	1538	106.0086	109.7004	-3.6918	287	234	477	495	0.3670	0.6709	583.6000	1093	1102	1050	1099	96.0659	99.7278	-3.6619	243	195	409	410	0.3721	0.6772	-0.0299	-0.0051	-0.0063
958	Thompson, Tristan	CLE	382.8500	713	725	677	738	94.9509	101.7931	-6.8422	187	145	268	248	0.4299	0.6489	923.1500	1778	1779	1855	1899	104.3307	106.7454	-2.4147	343	284	618	657	0.3430	0.6851	-4.4275	0.0869	-0.0362
959	Thompson, Mychel	CLE	94.7500	171	171	173	176	101.1696	102.9240	-1.7544	44	21	65	69	0.3894	0.7558	1211.2500	2320	2333	2359	2461	101.6810	105.4865	-3.8055	486	408	821	836	0.3676	0.6680	2.0511	0.0218	0.0878
960	Faried, Kenneth	DEN	164.4333	340	342	363	362	106.7647	105.8480	0.9168	76	55	122	94	0.4471	0.6893	1295.5667	2573	2570	2719	2626	105.6743	102.1790	3.4953	405	405	924	913	0.3073	0.6953	-2.5785	0.1398	-0.0060
961	Hamilton, Jordan	DEN	35.8333	76	77	94	80	123.6842	103.8961	19.7881	19	13	32	13	0.5938	0.7111	1424.1667	2837	2835	2988	2908	105.3225	102.5750	2.7476	462	447	1014	994	0.3173	0.6940	17.0405	0.2765	0.0171
963	Knight, Brandon	DET	912.4833	1694	1697	1650	1865	97.4026	109.8998	-12.4972	299	272	551	633	0.3208	0.6695	484.5167	903	897	881	922	97.5637	102.7871	-5.2234	188	133	317	305	0.3813	0.7044	-7.2738	-0.0605	-0.0349
964	Macklin, Vernon	DET	66.5000	130	128	143	118	110.0000	92.1875	17.8125	20	17	52	49	0.2899	0.7536	1330.5000	2467	2466	2388	2669	96.7977	108.2320	-11.4342	467	388	816	889	0.3444	0.6777	29.2467	-0.0545	0.0759
965	Thompson, Klay	GSW	474.3167	920	917	940	973	102.1739	106.1069	-3.9330	135	200	300	340	0.2842	0.6000	879.6833	1714	1719	1826	1847	106.5344	107.4462	-0.9118	279	326	585	616	0.3117	0.6422	-3.0212	-0.0275	-0.0422
966	Tyler, Jeremy	GSW	65.2500	130	137	126	154	96.9231	112.4088	-15.4857	20	26	37	50	0.2857	0.5873	1288.7500	2504	2499	2640	2666	105.4313	106.6827	-1.2514	394	500	848	906	0.3031	0.6291	-14.2343	-0.0174	-0.0418
967	Wright, Chris	GSW	27.3500	55	58	46	71	83.6364	122.4138	-38.7774	14	7	16	18	0.4375	0.6957	1326.6500	2579	2578	2720	2749	105.4672	106.6330	-1.1658	400	519	869	938	0.2990	0.6261	-37.6116	0.1385	0.0696
968	Jenkins, Charles	GSW	156.3833	309	314	294	370	95.1456	117.8344	-22.6888	48	47	105	115	0.2945	0.6908	1197.6167	2325	2322	2472	2450	106.3226	105.5125	0.8101	366	479	780	841	0.3032	0.6195	-23.4989	-0.0087	0.0713
969	Morris, Marcus	HOU	17.4000	34	34	36	42	105.8824	123.5294	-17.6471	8	4	12	13	0.3810	0.7500	1485.6000	2877	2871	2989	2954	103.8929	102.8910	1.0020	512	505	1010	1004	0.3377	0.6667	-18.6491	0.0433	0.0833
970	Parsons, Chandler	HOU	765.0333	1485	1488	1552	1503	104.5118	101.0081	3.5037	286	277	529	511	0.3588	0.6563	737.9667	1426	1417	1473	1493	103.2959	105.3634	-2.0675	234	232	493	506	0.3162	0.6800	5.5712	0.0426	-0.0237
971	Thompkins, Trey	LAC	89.3000	179	178	172	202	96.0894	113.4831	-17.3938	38	34	52	67	0.3619	0.6047	1317.7000	2459	2459	2663	2552	108.2961	103.7820	4.5140	510	453	911	871	0.3693	0.6679	-21.9078	-0.0074	-0.0632
972	Leslie, Travis	LAC	38.7500	78	78	64	87	82.0513	111.5385	-29.4872	19	16	22	34	0.3585	0.5789	1368.2500	2560	2559	2771	2667	108.2422	104.2204	4.0218	529	471	941	904	0.3692	0.6664	-33.5090	-0.0107	-0.0875
973	Goudelock, Andrew	LAL	257.2833	462	458	477	466	103.2468	101.7467	1.5000	89	90	195	156	0.3633	0.6842	1192.7167	2267	2266	2316	2256	102.1614	99.5587	2.6028	404	418	910	802	0.3350	0.6852	-1.1028	0.0283	-0.0010
974	Pargo, Jeremy	MEM	269.3833	532	533	473	543	88.9098	101.8762	-12.9664	130	84	194	194	0.4012	0.6978	1271.6167	2417	2416	2522	2418	104.3442	100.0828	4.2614	450	436	832	837	0.3497	0.6562	-17.2278	0.0515	0.0416
975	Selby, Josh	MEM	185.7500	368	372	349	372	94.8370	100.0000	-5.1630	69	62	135	123	0.3594	0.6853	1355.2500	2581	2577	2646	2589	102.5184	100.4657	2.0527	511	458	891	908	0.3601	0.6605	-7.2157	-0.0007	0.0248
976	Harris, Terrel	MIA	78.4333	155	157	157	162	101.2903	103.1847	-1.8944	21	37	55	47	0.3088	0.5978	1386.5667	2685	2691	2957	2683	110.1304	99.7027	10.4276	429	475	1006	881	0.3275	0.6793	-12.3220	-0.0187	-0.0815
977	Cole, Norris	MIA	635.6000	1216	1234	1318	1281	108.3882	103.8088	4.5794	206	258	437	400	0.3399	0.6288	829.4000	1624	1614	1796	1564	110.5911	96.9021	13.6890	244	254	624	528	0.3161	0.7107	-9.1096	0.0238	-0.0819
978	Leuer, Jon	MIL	364.8833	713	704	758	724	106.3114	102.8409	3.4705	124	128	239	255	0.3272	0.6512	1032.1167	1993	1989	1984	2083	99.5484	104.7260	-5.1776	359	380	687	759	0.3211	0.6439	8.6481	0.0061	0.0073
980	Williams, Derrick	MIN	560.3000	1111	1111	1106	1094	99.5500	98.4698	1.0801	183	206	403	421	0.3030	0.6617	879.7000	1718	1721	1784	1760	103.8417	102.2661	1.5756	342	285	648	585	0.3689	0.6945	-0.4955	-0.0659	-0.0328
981	Rubio, Ricky	MIN	1038.0500	2061	2061	2116	2054	102.6686	99.6604	3.0082	370	358	758	729	0.3367	0.6792	401.9500	768	771	774	800	100.7813	103.7613	-2.9801	155	133	293	277	0.3588	0.6878	5.9883	-0.0221	-0.0086
982	Brooks, Marshon	NJN	389.4500	707	700	762	805	107.7793	115.0000	-7.2207	145	158	234	251	0.3662	0.5969	282.5500	514	515	510	551	99.2218	106.9903	-7.7685	102	105	197	187	0.3529	0.6523	0.5478	0.0133	-0.0554
983	Horner, Dennis	NJN	14.4167	29	28	36	37	124.1379	132.1429	-8.0049	3	2	11	9	0.2500	0.8462	657.5833	1192	1187	1236	1319	103.6913	111.1205	-7.4292	244	261	420	429	0.3626	0.6167	-0.5757	-0.1126	0.2295
984	Williams, Jordan	NJN	28.0667	52	52	65	62	125.0000	119.2308	5.7692	7	8	20	17	0.2917	0.7143	643.9333	1169	1163	1207	1294	103.2506	111.2640	-8.0133	240	255	411	421	0.3631	0.6171	13.7825	-0.0714	0.0972
985	Ayon, Gustavo	NOH	358.3500	656	658	696	684	106.0976	103.9514	2.1462	117	119	228	221	0.3462	0.6571	1038.6500	1922	1918	1851	1996	96.3059	104.0667	-7.7608	344	314	699	703	0.3286	0.6900	9.9070	0.0176	-0.0329
986	Johnson, Carldell	NOH	113.6000	204	199	202	199	99.0196	100.0000	-0.9804	30	28	83	75	0.2857	0.7477	1283.4000	2374	2377	2345	2481	98.7784	104.3753	-5.5968	431	405	844	849	0.3367	0.6757	4.6164	-0.0510	0.0720
987	Thomas, Lance	NOH	55.8333	105	106	89	119	84.7619	112.2642	-27.5022	28	21	29	43	0.3944	0.5800	1341.1667	2473	2470	2458	2561	99.3934	103.6842	-4.2908	433	412	898	881	0.3295	0.6855	-23.2114	0.0649	-0.1055
988	Harrellson, Josh	NYK	295.6333	586	592	587	522	100.1706	88.1757	11.9950	95	91	221	221	0.3006	0.7083	1154.3667	2251	2253	2264	2297	100.5775	101.9530	-1.3754	402	387	773	808	0.3322	0.6664	13.3704	-0.0316	0.0419
989	Jordan, Jerome	NYK	59.4500	121	119	137	116	113.2231	97.4790	15.7441	20	26	43	40	0.3333	0.6232	1390.5500	2716	2726	2714	2703	99.9264	99.1563	0.7701	477	452	951	989	0.3254	0.6778	14.9740	0.0079	-0.0546
990	Shumpert, Iman	NYK	800.4333	1563	1568	1574	1578	100.7038	100.6378	0.0660	299	246	536	557	0.3493	0.6854	649.5667	1274	1277	1277	1241	100.2355	97.1809	3.0546	198	232	458	472	0.2955	0.6638	-2.9886	0.0538	0.0216
991	Jackson, Reggie	OKC	280.4000	533	552	561	548	105.2533	99.2754	5.9779	81	118	197	178	0.3127	0.6254	1116.6000	2196	2187	2402	2250	109.3807	102.8807	6.5000	357	391	830	705	0.3362	0.6798	-0.5221	-0.0235	-0.0544
992	Reid, Ryan	OKC	10.4833	22	23	19	21	86.3636	91.3043	-4.9407	7	6	5	8	0.4667	0.4545	1386.5167	2707	2716	2944	2777	108.7551	102.2459	6.5091	431	503	1022	875	0.3300	0.6702	-11.4498	0.1367	-0.2157
993	Harper, Justin	ORL	14.0333	29	28	21	35	72.4138	125.0000	-52.5862	3	5	9	11	0.2143	0.6429	1488.7500	2771	2771	2880	2790	103.9336	100.6857	3.2479	537	454	1074	1035	0.3416	0.7029	-55.8341	-0.1273	-0.0600
995	Allen, Lavoy	PHI	283.1167	501	507	519	486	103.5928	95.8580	7.7348	95	92	205	210	0.3115	0.6902	1161.8833	2203	2205	2334	2119	105.9464	96.0998	9.8467	343	396	858	851	0.2873	0.6842	-2.1119	0.0242	0.0060
996	Vucevic, Nikola	PHI	367.5833	688	694	746	659	108.4302	94.9568	13.4735	115	107	270	250	0.3151	0.7162	1077.4167	2016	2018	2107	1946	104.5139	96.4321	8.0818	323	381	793	811	0.2848	0.6755	5.3917	0.0303	0.0407
997	Morris, Markieff	PHX	613.3000	1167	1178	1141	1214	97.7721	103.0560	-5.2840	218	195	412	458	0.3225	0.6787	826.7000	1607	1604	1679	1710	104.4804	106.6085	-2.1281	214	284	581	570	0.2730	0.6717	-3.1559	0.0495	0.0070
998	Smith, Nolan	POR	104.6500	217	215	203	227	93.5484	105.5814	-12.0330	32	41	65	90	0.2623	0.6132	1403.3500	2706	2688	2818	2660	104.1390	98.9583	5.1806	441	478	968	984	0.3095	0.6694	-17.2136	-0.0472	-0.0562
999	Fredette, Jimmer	SAC	582.9667	1155	1146	1130	1283	97.8355	111.9546	-14.1191	218	206	382	452	0.3254	0.6497	862.0333	1673	1688	1663	1766	99.4023	104.6209	-5.2186	360	304	577	623	0.3662	0.6549	-8.9005	-0.0408	-0.0052
1000	Honeycutt, Tyler	SAC	7.7667	19	18	26	16	136.8421	88.8889	47.9532	7	5	4	6	0.5385	0.4444	1437.2333	2809	2816	2767	3033	98.5048	107.7060	-9.2012	571	505	955	1069	0.3482	0.6541	57.1544	0.1903	-0.2097
1001	Thomas, Isaiah	SAC	510.6833	997	1014	1008	1076	101.1033	106.1144	-5.0111	194	202	321	383	0.3362	0.6138	934.3167	1831	1820	1785	1973	97.4877	108.4066	-10.9189	384	308	638	692	0.3569	0.6744	5.9078	-0.0207	-0.0606
1002	Joseph, Cory	SAS	148.2500	273	281	277	322	101.4652	114.5907	-13.1255	55	45	96	100	0.3548	0.6809	1311.5333	2508	2498	2679	2501	106.8182	100.1201	6.6981	408	391	939	923	0.3065	0.7060	-19.8236	0.0483	-0.0251
1003	Leonard, Kawhi	SAS	691.3333	1307	1325	1339	1378	102.4484	104.0000	-1.5516	252	198	487	484	0.3424	0.7109	768.4500	1474	1454	1617	1445	109.7015	99.3810	10.3205	211	238	548	539	0.2813	0.6972	-11.8721	0.0611	0.0137
1004	Burks, Alec	UTA	271.9500	515	515	556	511	107.9612	99.2233	8.7379	137	111	186	148	0.4807	0.6263	1087.0500	2075	2079	2129	2213	102.6024	106.4454	-3.8430	363	351	726	766	0.3215	0.6741	12.5809	0.1592	-0.0478
1005	Kanter, Enes	UTA	414.2333	795	790	771	805	96.9811	101.8987	-4.9176	182	138	287	259	0.4127	0.6753	944.7667	1795	1804	1914	1919	106.6295	106.3747	0.2548	318	324	625	655	0.3268	0.6586	-5.1724	0.0859	0.0167
1006	Mack, Shelvin	WAS	294.0000	549	553	524	543	95.4463	98.1917	-2.7454	108	110	200	207	0.3429	0.6452	1151.0000	2279	2256	2224	2459	97.5867	108.9982	-11.4116	406	449	754	847	0.3240	0.6268	8.6662	0.0189	0.0184
1007	Singleton, Chris	WAS	583.1667	1126	1129	1046	1153	92.8952	102.1258	-9.2306	209	205	380	422	0.3312	0.6496	861.8333	1702	1680	1702	1849	100.0000	110.0595	-10.0595	305	354	574	632	0.3255	0.6185	0.8289	0.0057	0.0311
1008	Vesely, Jan	WAS	382.6500	747	753	725	792	97.0549	105.1793	-8.1244	143	155	254	274	0.3429	0.6210	1062.3500	2081	2056	2023	2210	97.2129	107.4903	-10.2774	371	404	700	780	0.3223	0.6341	2.1530	0.0206	-0.0131
1009	Biyombo, Bismack	CHA	444.4833	834	840	756	946	90.6475	112.6190	-21.9716	153	158	307	320	0.3235	0.6602	952.5167	1832	1823	1764	1973	96.2882	108.2282	-11.9400	311	317	637	710	0.3046	0.6677	-10.0316	0.0189	-0.0075
1010	Stone, Julyan	DEN	86.6167	176	175	200	197	113.6364	112.5714	1.0649	55	27	61	52	0.5140	0.6932	1373.3833	2737	2737	2882	2791	105.2978	101.9730	3.3248	426	433	985	955	0.3085	0.6946	-2.2599	0.2055	-0.0014
1011	Morris, Darius	LAL	130.2667	224	235	214	248	95.5357	105.5319	-9.9962	37	56	93	92	0.2868	0.6242	1319.7333	2505	2489	2579	2474	102.9541	99.3973	3.5567	456	452	1012	866	0.3449	0.6913	-13.5529	-0.0581	-0.0671
1012	Davis, Josh	MEM	130.2833	254	254	229	275	90.1575	108.2677	-18.1102	52	46	78	94	0.3562	0.6290	1410.7167	2695	2695	2766	2686	102.6345	99.6660	2.9685	528	474	948	937	0.3604	0.6667	-21.0787	-0.0042	-0.0377
1013	Skinner, Brian	MEM	4.3667	9	9	6	13	66.6667	144.4444	-77.7778	1	1	2	3	0.2500	0.6667	1536.6333	2940	2940	2989	2948	101.6667	100.2721	1.3946	579	519	1024	1028	0.3603	0.6636	-79.1724	-0.1103	0.0031
1014	Gladness, Mickell	MIA	27.1667	57	59	49	65	85.9649	110.1695	-24.2046	5	15	21	18	0.2174	0.5833	1437.8333	2783	2789	3065	2780	110.1330	99.6773	10.4556	445	497	1040	910	0.3284	0.6766	-34.6602	-0.1110	-0.0933
1015	Harris, Tobias	MIL	212.6000	412	407	415	402	100.7282	98.7715	1.9567	87	70	151	145	0.3750	0.6833	1184.4000	2294	2286	2327	2405	101.4385	105.2056	-3.7671	396	438	775	869	0.3130	0.6389	5.7238	0.0620	0.0444
1016	Higgins, Cory	CHA	244.9667	445	453	407	474	91.4607	104.6358	-13.1751	94	97	148	164	0.3643	0.6041	1152.0333	2221	2210	2113	2445	95.1373	110.6335	-15.4962	370	378	796	866	0.2994	0.6780	2.3211	0.0649	-0.0739
1017	Thomas, Malcolm	SAS	15.0833	31	30	31	35	100.0000	116.6667	-16.6667	6	5	9	8	0.4286	0.6429	1444.7000	2750	2749	2925	2788	106.3636	101.4187	4.9449	457	431	1026	1015	0.3105	0.7042	-21.6116	0.1181	-0.0613
1018	Fortson, Courtney	LAC	45.9000	90	87	76	110	84.4444	126.4368	-41.9923	27	12	27	29	0.4821	0.6923	1361.1000	2548	2550	2759	2644	108.2810	103.6863	4.5947	521	475	936	909	0.3643	0.6634	-46.5870	0.1178	0.0289
1019	Russell, Walker	DET	218.0500	410	408	376	416	91.7073	101.9608	-10.2535	81	57	150	147	0.3553	0.7246	1178.9500	2187	2186	2155	2371	98.5368	108.4629	-9.9261	406	348	718	791	0.3392	0.6735	-0.3274	0.0161	0.0511
1020	Emmett	NJN	27.4500	47	50	48	56	102.1277	112.0000	-9.8723	6	13	18	13	0.3158	0.5806	644.5500	1174	1165	1224	1300	104.2589	111.5880	-7.3290	241	250	413	425	0.3619	0.6229	-2.5433	-0.0461	-0.0423
